-1.186193380271834304e-02 2.253668217108837756e-03 -5.121993330538197539e-03
-1.192626296954460777e-02 2.096788837409697178e-03 -5.154524316461307418e-03
-1.198462611815776478e-02 1.941647339467477903e-03 -5.184212586541171210e-03
-1.202988269513367847e-02 1.810911932788490447e-03 -5.207352587568978008e-03
-1.207127182864601959e-02 1.681404147397902102e-03 -5.228609228273678987e-03
-1.210898048505328409e-02 1.553085266836583484e-03 -5.248056308670845903e-03
-1.214318072913357291e-02 1.425904599250092447e-03 -5.265762409560101331e-03
-1.217402982230308094e-02 1.299801258063827854e-03 -5.281790777380486121e-03
-1.220167043058210249e-02 1.174705735422242048e-03 -5.296199266142719540e-03
-1.222623090778703937e-02 1.050541282766594316e-03 -5.309040322993523534e-03
-1.224782562492219423e-02 9.272251149135523609e-04 -5.320361005812468576e-03
-1.226655532165654358e-02 8.046694551047846311e-04 -5.330203022954915250e-03
-1.227217737543937273e-02 7.639707946523981294e-04 -5.333161547877466810e-03
-1.228722085164469895e-02 6.422856534884709449e-04 -5.341087745588325893e-03
-1.229958331562279981e-02 5.211416455628004041e-04 -5.347612106448252842e-03
-1.230311869450327437e-02 4.808635875685425337e-04 -5.349479719998112212e-03
-1.231199419093320646e-02 3.602874599141789942e-04 -5.354171869438758419e-03
-1.231830439762913142e-02 2.400197100010978792e-04 -5.357510941391364391e-03
-1.232207877766653900e-02 1.199581987843248762e-04 -5.359509406162941102e-03
-1.232333494997964012e-02 -6.977698600803316012e-19 -5.360174732056606842e-03
-1.232207877766656155e-02 -1.199581987843249169e-04 -5.359509406162935030e-03
-1.231830439762911754e-02 -2.400197100010995326e-04 -5.357510941391353115e-03
-1.231199419093319432e-02 -3.602874599141772053e-04 -5.354171869438756684e-03
-1.230311869450329172e-02 -4.808635875685417205e-04 -5.349479719998106141e-03
-1.229163645602550543e-02 -6.018490138241560164e-04 -5.343416987127353954e-03
-1.227823098465695949e-02 -7.175252406659301087e-04 -5.336349392293588886e-03
-1.226235657221884205e-02 -8.337463806631621342e-04 -5.327994781353899076e-03
-1.224394598140562604e-02 -9.505939249033910823e-04 -5.318325058986756934e-03
-1.224095041970705081e-02 -9.682415764238426871e-04 -5.316753691203979920e-03
-1.223789536099973048e-02 -9.859054707667114486e-04 -5.315151680493368849e-03
-1.221606676869776628e-02 -1.103685191732686451e-03 -5.303721760959479413e-03
-1.219150619370403150e-02 -1.222266914070519643e-03 -5.290895611255938547e-03
-1.216411003734294352e-02 -1.341720131346541738e-03 -5.276630720384875919e-03
-1.213216046117100190e-02 -1.468175253787976911e-03 -5.260049803387230154e-03
-1.209680894745153792e-02 -1.595729029658373788e-03 -5.241770668484272040e-03
-1.205789331876819248e-02 -1.724439132081628323e-03 -5.221728282141195089e-03
-1.201523654753521367e-02 -1.854352469561306371e-03 -5.199852307782999207e-03
-1.196864670306107756e-02 -1.985503333536302317e-03 -5.176067243286327189e-03
-1.191791706383174033e-02 -2.117911324660319127e-03 -5.150292636499017446e-03
-1.186282644417753496e-02 -2.251579053080229962e-03 -5.122443396784713554e-03
-1.180313979109876010e-02 -2.386489615054831169e-03 -5.092430222437499196e-03
-1.173860911336886866e-02 -2.522603857582853253e-03 -5.060160165402070691e-03
-1.171597787093037885e-02 -2.568232421789149768e-03 -5.048885447936489468e-03
-1.164458291363266659e-02 -2.705846717538426278e-03 -5.013456705061091444e-03
-1.156772332854071397e-02 -2.844470114044038087e-03 -4.975544436011824882e-03
-1.154084106028521739e-02 -2.890879791902029473e-03 -4.962338029646678507e-03
-1.145626103609430173e-02 -3.030632322176133979e-03 -4.920960819665751336e-03
-1.136556143227993899e-02 -3.171022574884974597e-03 -4.876871287783366218e-03
-1.126846185218639829e-02 -3.311827502742336303e-03 -4.829975454883071555e-03
-1.116468878697737116e-02 -3.452781726266341156e-03 -4.780184563682850218e-03
-1.105398129698056953e-02 -3.593575338144858362e-03 -4.727417339729972703e-03
-1.093609746020574036e-02 -3.733852374126803934e-03 -4.671602489154400538e-03
-1.081082153014854656e-02 -3.873210159064392061e-03 -4.612681400890105386e-03
-1.067797169329542072e-02 -4.011199745259728944e-03 -4.550611002940614311e-03
-1.053740825752175897e-02 -4.147327656201901976e-03 -4.485366702313392517e-03
-1.036235784179285850e-02 -4.304100446092283712e-03 -4.404685299452414451e-03
-1.017650775624714780e-02 -4.456636796781097629e-03 -4.319660653679629862e-03
-9.979947409419627838e-03 -4.603953457272674625e-03 -4.230382393547365248e-03
-1.025614748826959161e-02 -4.741496308888763951e-03 -4.551617909657914088e-03
-1.054572750739807101e-02 -4.880713185415695883e-03 -4.909887735212079517e-03
-1.084887288992470410e-02 -5.020632206159437311e-03 -5.310817241252418011e-03
-1.116543266104931195e-02 -5.159916932752630844e-03 -5.761057240249978749e-03
-1.149474229521521389e-02 -5.296742624181813124e-03 -6.268494988616630723e-03
-1.183536462475805184e-02 -5.428628742396334091e-03 -6.842511950235424106e-03
-1.218470760147341223e-02 -5.552211855540271912e-03 -7.494298729302680678e-03
-1.253845346639755401e-02 -5.662937957440446202e-03 -8.237239238390290513e-03
-1.288969275627700924e-02 -5.754647818672581870e-03 -9.087377059748923472e-03
-1.322758498821425578e-02 -5.819025919742431760e-03 -1.006397545050155898e-02
-1.341981211132008828e-02 -5.456161470505092523e-03 -1.026960083470499115e-02
-1.357708496865792959e-02 -5.105342906757427517e-03 -1.045035696503147753e-02
-1.370431821762036970e-02 -4.769608679840886545e-03 -1.060864212873281233e-02
-1.379249953290054981e-02 -4.496973844819182956e-03 -1.072755167356188172e-02
-1.386497075590106473e-02 -4.237058296897262127e-03 -1.083343943230820165e-02
-1.392412892802192929e-02 -3.989953034347855365e-03 -1.092770622682415899e-02
-1.397209308286623437e-02 -3.755447711533063237e-03 -1.101164801809859616e-02
-1.401070922371258284e-02 -3.533117740533127989e-03 -1.108644441783457682e-02
-1.404156687656822611e-02 -3.322394144059787752e-03 -1.115315586045496389e-02
-1.406602189160333777e-02 -3.122617935276023569e-03 -1.121272654898960476e-02
-1.408522189437706393e-02 -2.933081333093940160e-03 -1.126599099779739856e-02
-1.410013201604350813e-02 -2.753058146146096161e-03 -1.131368258121230250e-02
-1.410429236576477875e-02 -2.695039159043378929e-03 -1.132845472379951854e-02
-1.411471424296332523e-02 -2.526578984827190962e-03 -1.136969951118541218e-02
-1.412252263999813282e-02 -2.365976174141288732e-03 -1.140674255880551324e-02
-1.412463776043699527e-02 -2.314072049617061245e-03 -1.141823863796000149e-02
-1.412975789644706388e-02 -2.162917411297351523e-03 -1.145039095565700792e-02
-1.413334340874497497e-02 -2.018124796094656823e-03 -1.147933100168384117e-02
-1.413572517926397175e-02 -1.879116502571992822e-03 -1.150539170740483980e-02
-1.413717358578494253e-02 -1.745353806712113612e-03 -1.152886126759891661e-02
-1.413790872079804910e-02 -1.616336008474422671e-03 -1.154998897122894511e-02
-1.413810903943210628e-02 -1.491598737911304338e-03 -1.156899030718665927e-02
-1.413791865567010086e-02 -1.370711751583158274e-03 -1.158605140829661352e-02
-1.413745343667095929e-02 -1.253276427416631384e-03 -1.160133288871121986e-02
-1.413680608993367165e-02 -1.138923140672530067e-03 -1.161497314571271859e-02
-1.413608807442190765e-02 -1.032583800392032278e-03 -1.162654527689537150e-02
-1.413532265930976355e-02 -9.284511435754055301e-04 -1.163682572004037449e-02
-1.413455019720980151e-02 -8.262661417428049729e-04 -1.164589056125784824e-02
-1.413443538999824625e-02 -8.110380784519789993e-04 -1.164715396348466221e-02
-1.413432125285571384e-02 -7.958477982071795239e-04 -1.164839151857704341e-02
-1.413358631858503515e-02 -6.958342669475266846e-04 -1.165597079357460000e-02
-1.413290769156529125e-02 -5.972279106674663286e-04 -1.166246982695072140e-02
-1.413230338163968744e-02 -4.998136228922943781e-04 -1.166793265437791882e-02
-1.413176377310836930e-02 -3.985699360727817183e-04 -1.167259365958225013e-02
-1.413133315813044216e-02 -2.981854267555787566e-04 -1.167618528605340010e-02
-1.413102000907533011e-02 -1.984387869427519291e-04 -1.167873296560813061e-02
-1.413082996843801134e-02 -9.911431063428301246e-05 -1.168025453076452363e-02
-1.413076626946282825e-02 2.859477350812111157e-18 -1.168076055154415246e-02
-1.413082996843800093e-02 9.911431063428671230e-05 -1.168025453076450802e-02
-1.413102000907534225e-02 1.984387869427510075e-04 -1.167873296560812714e-02
-1.413133315813045604e-02 2.981854267555781061e-04 -1.167618528605340357e-02
-1.413176377310835195e-02 3.985699360727803088e-04 -1.167259365958224840e-02
-1.413193204238284879e-02 4.322112407106071534e-04 -1.167116029420898170e-02
-1.413250553013642268e-02 5.337917443180366069e-04 -1.166613579877340615e-02
-1.413317128495610205e-02 6.365385698067491712e-04 -1.165999535063344007e-02
-1.413341080114723439e-02 6.710881950257422150e-04 -1.165769299182166721e-02
-1.413417114231028775e-02 7.757687243058014560e-04 -1.164999249460390435e-02
-1.413497352257199816e-02 8.822000101619834273e-04 -1.164105491911070038e-02
-1.413578494831129254e-02 9.906564620312020581e-04 -1.163081036312313583e-02
-1.413656306496004038e-02 1.101430232633050657e-03 -1.161917626222298827e-02
-1.413725389394789901e-02 1.214833685534914441e-03 -1.160605574798272664e-02
-1.413778910943233949e-02 1.331201949720739073e-03 -1.159133570827060138e-02
-1.413808273919590214e-02 1.450895577200389053e-03 -1.157488449972791933e-02
-1.413802715769268102e-02 1.574303229649562808e-03 -1.155654925648960836e-02
-1.413748828936259652e-02 1.701844323135351909e-03 -1.153615275024802433e-02
-1.413601145304386672e-02 1.857525946300358013e-03 -1.150928703499901409e-02
-1.413329762499067679e-02 2.020331389319903349e-03 -1.147890367189213952e-02
-1.412891439288855612e-02 2.191128947359758002e-03 -1.144454017739021320e-02
-1.404879249208408100e-02 2.275282628707399508e-03 -1.045485232239989210e-02
-1.390053902721031902e-02 2.342060988756339800e-03 -9.570833924641362553e-03
-1.370281241549210771e-02 2.392699478790927346e-03 -8.780078201097347296e-03
-1.346982925059339239e-02 2.428567851227770528e-03 -8.071672800977451254e-03
-1.321246411675115577e-02 2.451099141170454652e-03 -7.436013719198754368e-03
-1.293904242286236100e-02 2.461733079182860159e-03 -6.864650992107676312e-03
-1.265592788405030776e-02 2.461873348036967141e-03 -6.350155054515898428e-03
-1.236796640902453406e-02 2.452857172857994972e-03 -5.885998256442511248e-03
-1.207882601807377769e-02 2.435935296052860362e-03 -5.466448779371538280e-03
-1.179125948305796354e-02 2.412260295454353963e-03 -5.086475469592884567e-03
-1.192353493444963351e-02 2.234173564536306913e-03 -5.193695273519489952e-03
-1.198207829686620714e-02 2.088528608048882164e-03 -5.223701563850248475e-03
-1.203553355200583791e-02 1.944444793407928800e-03 -5.251253498093010411e-03
-1.208045313254728706e-02 1.813285499604618510e-03 -5.274523731658369019e-03
-1.212151492655697861e-02 1.683405026405363587e-03 -5.295892847601185380e-03
-1.215890918139956450e-02 1.554760398051273449e-03 -5.315436765617238650e-03
-1.219281075733964943e-02 1.427296749260100134e-03 -5.333225953460417855e-03
-1.222337928192717381e-02 1.300949131825190766e-03 -5.349325328077674663e-03
-1.225075941043970995e-02 1.175644104496481124e-03 -5.363794213637110460e-03
-1.227508115728560487e-02 1.051301122081903109e-03 -5.376686342578205699e-03
-1.229646026901728452e-02 9.278337415208171663e-04 -5.388049887770660594e-03
-1.231499861469885319e-02 8.051506636110690104e-04 -5.397927515672139819e-03
-1.232056243873099442e-02 7.644142279392449968e-04 -5.400896443910096698e-03
-1.233544829776503544e-02 6.426281348772274566e-04 -5.408849825286979676e-03
-1.234767926003267971e-02 5.213992283513933226e-04 -5.415395809070772982e-03
-1.235117670391489009e-02 4.810958923607102419e-04 -5.417269486863771251e-03
-1.235995631991524367e-02 3.604513950965212228e-04 -5.421976625470835073e-03
-1.236619779614841867e-02 2.401241181288984886e-04 -5.425326149204635039e-03
-1.236993084204314822e-02 1.200089421954004149e-04 -5.427330783886870520e-03
-1.237117322052172855e-02 5.325190260269379444e-19 -5.427998149632555329e-03
-1.236993084204316383e-02 -1.200089421953982871e-04 -5.427330783886863581e-03
-1.236619779614843255e-02 -2.401241181288973230e-04 -5.425326149204628967e-03
-1.235995631991525928e-02 -3.604513950965226323e-04 -5.421976625470833339e-03
-1.235117670391489182e-02 -4.810958923607111092e-04 -5.417269486863762577e-03
-1.233981713748340259e-02 -6.021615690897532238e-04 -5.411186864476951082e-03
-1.232655293813779245e-02 -7.179281028807808817e-04 -5.404095341861302540e-03
-1.231084311432436781e-02 -8.342559128141419826e-04 -5.395711418187096146e-03
-1.229261975550675727e-02 -9.512293452351213568e-04 -5.386006382281335533e-03
-1.228965428844470444e-02 -9.688977921934862963e-04 -5.384429135663569392e-03
-1.228662981582104297e-02 -9.865829944222495769e-04 -5.382821091167546909e-03
-1.226501664903387537e-02 -1.104518044703413143e-03 -5.371346943051778094e-03
-1.224069196378784440e-02 -1.223281271676721158e-03 -5.358468706440217867e-03
-1.221355087876555175e-02 -1.342945375538271823e-03 -5.344142849689899680e-03
-1.218188814296663341e-02 -1.469657232258684372e-03 -5.327487072094980701e-03
-1.214684082485033290e-02 -1.597507787627563611e-03 -5.309120462648791311e-03
-1.210824424377641463e-02 -1.726558815927413740e-03 -5.288976246967281615e-03
-1.206591842123357072e-02 -1.856861431110466568e-03 -5.266982125748987525e-03
-1.201966797068642137e-02 -1.988454204894403270e-03 -5.243060396043747184e-03
-1.196928215023119330e-02 -2.121361051775732566e-03 -5.217128151150504135e-03
-1.191453512868167336e-02 -2.255588874366499554e-03 -5.189097577926997211e-03
-1.185518652284560034e-02 -2.391124969493640430e-03 -5.158876372337315233e-03
-1.179098227071876011e-02 -2.527934204902560107e-03 -5.126368295871133220e-03
-1.176845609204035976e-02 -2.573810524870261129e-03 -5.115006963834514871e-03
-1.169736125101972397e-02 -2.712218167423554802e-03 -5.079294595417440869e-03
-1.162077286164781530e-02 -2.851712414311718350e-03 -5.041059908570696621e-03
-1.159397306498222840e-02 -2.898430057730072475e-03 -5.027736684678563508e-03
-1.150961180650339477e-02 -3.039160588165749997e-03 -4.985978704961668319e-03
-1.141908015659169780e-02 -3.180610996948731849e-03 -4.941459360167472711e-03
-1.132208699329327259e-02 -3.322558626244107548e-03 -4.894079934404593595e-03
-1.121834738661592161e-02 -3.464737227301211125e-03 -4.843746808330343101e-03
-1.110758841497455456e-02 -3.606834551075566858e-03 -4.790373799593660060e-03
-1.098955580046151632e-02 -3.748490610118056926e-03 -4.733884759372310527e-03
-1.086402130911594266e-02 -3.889296832420743432e-03 -4.674216393127726688e-03
-1.073079080805208231e-02 -4.028796338845713060e-03 -4.611321254432144447e-03
-1.058971280846967948e-02 -4.166485573603257060e-03 -4.545170839328511493e-03
-1.042731027370019312e-02 -4.313490620886081817e-03 -4.469550159831798056e-03
-1.025546698788641631e-02 -4.456954149728514260e-03 -4.390099817182217465e-03
-1.007423211325886823e-02 -4.596078409099314289e-03 -4.306884345416972341e-03
-1.034400922028019809e-02 -4.726504865349244813e-03 -4.623754498504974164e-03
-1.062619520932827147e-02 -4.858042494551692049e-03 -4.975900823430493176e-03
-1.092087997482941476e-02 -4.989732100235831115e-03 -5.368477754401549014e-03
-1.122783315626714289e-02 -5.120281802751148505e-03 -5.807539329447859201e-03
-1.154634624203314426e-02 -5.247960918859629308e-03 -6.300215104453714410e-03
-1.187500525094310408e-02 -5.370458770006863655e-03 -6.854922556374530053e-03
-1.221136086948187982e-02 -5.484696771426642026e-03 -7.481623276240589177e-03
-1.255144458014095105e-02 -5.586578942212501626e-03 -8.192131064491047984e-03
-1.288904904344138382e-02 -5.670663034468829099e-03 -9.000480114068088247e-03
-1.321463991591442788e-02 -5.729733869769474200e-03 -9.923359665464693419e-03
-1.338983710705644523e-02 -5.401678423076006555e-03 -1.010729426022993933e-02
-1.353615002301372140e-02 -5.083463957645398615e-03 -1.027088278751250860e-02
-1.365726433866606450e-02 -4.777408651883851068e-03 -1.041590656610972242e-02
-1.374946775844658117e-02 -4.507878692456599758e-03 -1.053448247553406651e-02
-1.382592122872043292e-02 -4.250416497741213613e-03 -1.064030699516380594e-02
-1.388895002117285053e-02 -4.005189758290197272e-03 -1.073471355280427447e-02
-1.394062316768886201e-02 -3.772064364974172732e-03 -1.081894298164296983e-02
-1.398275414293938083e-02 -3.550687871876996669e-03 -1.089413064173034781e-02
-1.401691350423146624e-02 -3.340557300478786892e-03 -1.096130203561069931e-02
-1.404444834892203987e-02 -3.141072577662265206e-03 -1.102137422154870691e-02
-1.406650501295120433e-02 -2.951577539488119042e-03 -1.107516094648833618e-02
-1.408405260552131680e-02 -2.771390572300426111e-03 -1.112337995576039539e-02
-1.408904463195147228e-02 -2.713278113573501255e-03 -1.113832695631253832e-02
-1.410182389663465659e-02 -2.544438531866902511e-03 -1.118008865782874582e-02
-1.411179148340945336e-02 -2.383330738619075535e-03 -1.121763170286239376e-02
-1.411458424579191059e-02 -2.331234900663680960e-03 -1.122928974470702689e-02
-1.412161715397546556e-02 -2.179446590571401925e-03 -1.126191181936265530e-02
-1.412694445908819693e-02 -2.033947397777672705e-03 -1.129129534994388444e-02
-1.413090878053101934e-02 -1.894175904456360179e-03 -1.131777155817063549e-02
-1.413379181706015709e-02 -1.759606692294145118e-03 -1.134162781721954026e-02
-1.413582439301710146e-02 -1.629749856679197414e-03 -1.136311324081942797e-02
-1.413719499775384879e-02 -1.504149709125249821e-03 -1.138244360065983340e-02
-1.413805701541749615e-02 -1.382382920627226288e-03 -1.139980562342716129e-02
-1.413853479724533346e-02 -1.264056316959666793e-03 -1.141536071767319110e-02
-1.413872875180224344e-02 -1.148804499565257665e-03 -1.142924819202969025e-02
-1.413872365910788867e-02 -1.041605766964959993e-03 -1.144103207486062493e-02
-1.413859058765249387e-02 -9.366121343392155027e-04 -1.145150204363866442e-02
-1.413837465110546164e-02 -8.335660796820831917e-04 -1.146073499607315471e-02
-1.413833731752850778e-02 -8.182084693871047700e-04 -1.146202189727487178e-02
-1.413829904546590188e-02 -8.028886672568169396e-04 -1.146328248612404725e-02
-1.413802819327742051e-02 -7.020154725483377604e-04 -1.147100314950400164e-02
-1.413774667934625945e-02 -6.025511947900896552e-04 -1.147762382700370960e-02
-1.413747550567391424e-02 -5.042809871186925211e-04 -1.148318916501682961e-02
-1.413721961535392355e-02 -4.021406090278599856e-04 -1.148793780495395087e-02
-1.413700727253593137e-02 -3.008614401572605522e-04 -1.149159705681711621e-02
-1.413684875514452897e-02 -2.002218082752495664e-04 -1.149419275219411805e-02
-1.413675098635681915e-02 -1.000055179736231018e-04 -1.149574301162996359e-02
-1.413671796090567798e-02 -6.432156443212343200e-20 -1.149625857806871668e-02
-1.413675098635682609e-02 1.000055179736215297e-04 -1.149574301162995318e-02
-1.413684875514454806e-02 2.002218082752522769e-04 -1.149419275219412499e-02
-1.413700727253594178e-02 3.008614401572587090e-04 -1.149159705681712489e-02
-1.413721961535390793e-02 4.021406090278671413e-04 -1.148793780495394913e-02
-1.413730068824215272e-02 4.360805713631601662e-04 -1.148647747417312105e-02
-1.413756814795973267e-02 5.385584969907318423e-04 -1.148135856640669986e-02
-1.413785917016590309e-02 6.422049911452681328e-04 -1.147510299359469875e-02
-1.413795798655826004e-02 6.770549926594441855e-04 -1.147275754773300314e-02
-1.413824704296143264e-02 7.826379445477767800e-04 -1.146491328241243564e-02
-1.413850123473653700e-02 8.899731131879139688e-04 -1.145580956475430318e-02
-1.413868300982514675e-02 9.993339314051598483e-04 -1.144537563696745169e-02
-1.413874477988910985e-02 1.111011050754439570e-03 -1.143352801439915384e-02
-1.413862663037513366e-02 1.225314692922478861e-03 -1.142016886864489524e-02
-1.413825356205750290e-02 1.342577069116201874e-03 -1.140518411891686991e-02
-1.413753216114095948e-02 1.463154864970254206e-03 -1.138844118689486852e-02
-1.413634657969434390e-02 1.587431726344245859e-03 -1.136978636503108327e-02
-1.413455373348672210e-02 1.715820674330593596e-03 -1.134904175361670618e-02
-1.413170895441488890e-02 1.860593779904410596e-03 -1.132387569563652989e-02
-1.412765748270867171e-02 2.011370516651244094e-03 -1.129568848865502954e-02
-1.412205122378387863e-02 2.168816816104421948e-03 -1.126412116268560998e-02
-1.403501117808678665e-02 2.246393184492909839e-03 -1.032857802634273500e-02
-1.388736596355420044e-02 2.308341475105525880e-03 -9.489204217413109432e-03
-1.369520397979636685e-02 2.355735238394355332e-03 -8.735103127947778379e-03
-1.347091989776986153e-02 2.389758441824228318e-03 -8.056646730636744455e-03
-1.322409623246102901e-02 2.411649217049139596e-03 -7.445323336099695169e-03
-1.296214766426125736e-02 2.422654487653257398e-03 -6.893610055123209485e-03
-1.269080392364058119e-02 2.423995107349172923e-03 -6.394861748984632943e-03
-1.241447829109518231e-02 2.416840472516648599e-03 -5.943212269760211365e-03
-1.213655239988208762e-02 2.402291234866786151e-03 -5.533485807829664586e-03
-1.185959827039063073e-02 2.381368642061646064e-03 -5.161117134861840233e-03
-1.198495844910656485e-02 2.214328554258598002e-03 -5.266580948929878991e-03
-1.203786357843725230e-02 2.080007870097692283e-03 -5.294072208746684362e-03
-1.208648712003791183e-02 1.947068782355820468e-03 -5.319472161191118181e-03
-1.213105434513440939e-02 1.815493971376906050e-03 -5.342869709354120672e-03
-1.217177470142527008e-02 1.685249933949055454e-03 -5.364348465207280370e-03
-1.220884168822327157e-02 1.556289307340844594e-03 -5.383986503244913083e-03
-1.224243292536628981e-02 1.428552941783706827e-03 -5.401856206020238214e-03
-1.227271036635802989e-02 1.301971731839309497e-03 -5.418024182764123731e-03
-1.229982061344532356e-02 1.176468221421450144e-03 -5.432551244575654741e-03
-1.232389529901096147e-02 1.051958000045314853e-03 -5.445492421890009600e-03
-1.234505150365423562e-02 9.283509094974337324e-04 -5.456897012004652096e-03
-1.236339218661043973e-02 8.055520808560430674e-04 -5.466808646339037063e-03
-1.236889589067038941e-02 7.647817887767870181e-04 -5.469787491366221409e-03
-1.238361908549755544e-02 6.429065719462268708e-04 -5.477766743537768046e-03
-1.239571441116824047e-02 5.216046807131454128e-04 -5.484333259555170849e-03
-1.239917273981397915e-02 4.812800529021347127e-04 -5.486212687757247713e-03
-1.240785351704212953e-02 3.605791787546978704e-04 -5.490934023946275784e-03
-1.241402416369007979e-02 2.402044056241882017e-04 -5.494293433478511686e-03
-1.241771462159146390e-02 1.200476196083047521e-04 -5.496303898283101674e-03
-1.241894278922551012e-02 2.270260056878338484e-18 -5.496973190587639904e-03
-1.241771462159147431e-02 -1.200476196083027328e-04 -5.496303898283096470e-03
-1.241402416369005897e-02 -2.402044056241891233e-04 -5.494293433478510819e-03
-1.240785351704211913e-02 -3.605791787546949430e-04 -5.490934023946274049e-03
-1.239917273981398955e-02 -4.812800529021311891e-04 -5.486212687757250316e-03
-1.238793968229349139e-02 -6.024140430640178559e-04 -5.480111192015781063e-03
-1.237482124735745162e-02 -7.182595886520930619e-04 -5.472996916460835977e-03
-1.235928134833751135e-02 -8.346828667287506213e-04 -5.464585054842742429e-03
-1.234125143013042880e-02 -9.517711074340091905e-04 -5.454846276946030519e-03
-1.233831706973875959e-02 -9.694586946540141885e-04 -5.453263404827997374e-03
-1.233532421582909412e-02 -9.871635532623949851e-04 -5.451649584221534249e-03
-1.231393386620378144e-02 -1.105243064773388803e-03 -5.440133028043593263e-03
-1.228985341151822737e-02 -1.224177141469845291e-03 -5.427204708740648344e-03
-1.226297672418275031e-02 -1.344041743451092601e-03 -5.412820064818761080e-03
-1.223161172435045796e-02 -1.470999780757758103e-03 -5.396091889170995942e-03
-1.219688066679974238e-02 -1.599137011459892104e-03 -5.377640428424527996e-03
-1.215861640668451475e-02 -1.728519411612182031e-03 -5.357397143672307412e-03
-1.211663604850604994e-02 -1.859202417093402471e-03 -5.335287742757682805e-03
-1.207074077600232137e-02 -1.991229013329576334e-03 -5.311232284069228142e-03
-1.202071584195140742e-02 -2.124627579854949239e-03 -5.285145359431633535e-03
-1.196633076994026677e-02 -2.259409481121247860e-03 -5.256936375672690252e-03
-1.190733982783893051e-02 -2.395566401940753265e-03 -5.226509956697430320e-03
-1.184348284033738888e-02 -2.533067435398154554e-03 -5.193766489940653854e-03
-1.182106893201570648e-02 -2.579190819948646608e-03 -5.182319361119847034e-03
-1.175029655933914480e-02 -2.718390975739380568e-03 -5.146325587546361595e-03
-1.167400271892656168e-02 -2.858757283943025307e-03 -5.107770256354795223e-03
-1.164729337430662169e-02 -2.905783792648546082e-03 -5.094330682923269363e-03
-1.156317531188698691e-02 -3.047496636695559355e-03 -5.052192887896416601e-03
-1.147283659844101737e-02 -3.190014122268772494e-03 -5.007243877130064524e-03
-1.137597510887409201e-02 -3.333114209085737308e-03 -4.959380009856781402e-03
-1.127229415798122920e-02 -3.476529984570065571e-03 -4.908502596978433184e-03
-1.116150845096278849e-02 -3.619947028022827643e-03 -4.854520322649268603e-03
-1.104335090705174140e-02 -3.763001449264344236e-03 -4.797351942550825629e-03
-1.091758030716810830e-02 -3.905278835011858577e-03 -4.736929227592458734e-03
-1.078398965952281560e-02 -4.046314349869875766e-03 -4.673200101314734130e-03
-1.064241511047850190e-02 -4.185594238831421600e-03 -4.606131896348558165e-03
-1.049274515469233310e-02 -4.322558960069612134e-03 -4.535714631107278134e-03
-1.033492982344304777e-02 -4.456608136457299377e-03 -4.461964184249165959e-03
-1.016898945983833562e-02 -4.587107448877459498e-03 -4.384925223681666526e-03
-1.043200021165252220e-02 -4.710454733073079873e-03 -4.697020601795509794e-03
-1.070646131065542371e-02 -4.834405505959623109e-03 -5.042613213776719894e-03
-1.099237855516467348e-02 -4.958024084676893213e-03 -5.426403432415011566e-03
-1.128945568281269039e-02 -5.080074120450330660e-03 -5.853875661981003571e-03
-1.159695493708310689e-02 -5.198928608058738139e-03 -6.331443736115153174e-03
-1.191349946559147610e-02 -5.312452174537049369e-03 -6.866624458716090278e-03
-1.223679127708374170e-02 -5.417847261042264134e-03 -7.468244301186627472e-03
-1.256320480973128866e-02 -5.511453905084269175e-03 -8.146684574332695508e-03
-1.288719420018522716e-02 -5.588491425508754218e-03 -8.914170063313542683e-03
-1.320041638069083083e-02 -5.642730953409474080e-03 -9.785104389723681476e-03
-1.335911702214484000e-02 -5.347915011260088308e-03 -9.948657277389459999e-03
-1.349424094287081030e-02 -5.061037022611883721e-03 -1.009576736190934479e-02
-1.360850079994313164e-02 -4.783832259332680345e-03 -1.022773324697698501e-02
-1.370452802755296393e-02 -4.517431249707208607e-03 -1.034589511386078617e-02
-1.378478904873418204e-02 -4.262466597720113333e-03 -1.045157715086617381e-02
-1.385153679537230384e-02 -4.019176541921638812e-03 -1.054604766404907204e-02
-1.390678881664254331e-02 -3.787498210465016762e-03 -1.063049375227166291e-02
-1.395232408309635477e-02 -3.567147383877677155e-03 -1.070600726766116582e-02
-1.398969200656072394e-02 -3.357684115410405727e-03 -1.077357906434124948e-02
-1.402022874349812161e-02 -3.158565069925419518e-03 -1.083409902665275273e-02
-1.404507725880251717e-02 -2.969184164225865692e-03 -1.088835990400855748e-02
-1.406520873161955405e-02 -2.788903325485442113e-03 -1.093706346332061832e-02
-1.407101676329066547e-02 -2.730719984441767195e-03 -1.095217212587041786e-02
-1.408611216294339621e-02 -2.561566388028250520e-03 -1.099441421698733531e-02
-1.409820524060388658e-02 -2.400015245304824331e-03 -1.103242498922977696e-02
-1.410166587124528012e-02 -2.347747380512869332e-03 -1.104423510782071016e-02
-1.411058602958090505e-02 -2.195381880397256555e-03 -1.107729967856995248e-02
-1.411763454274244517e-02 -2.049228786454955573e-03 -1.110710272267343909e-02
-1.412316491350693905e-02 -1.908743108582791267e-03 -1.113397338585397044e-02
-1.412746944197414145e-02 -1.773412930578937077e-03 -1.115819788758120115e-02
-1.413078907882225899e-02 -1.642759370135651008e-03 -1.118002486826378226e-02
-1.413332183926324301e-02 -1.516335665176513862e-03 -1.119967011710352317e-02
-1.413522995412611408e-02 -1.393725653227380779e-03 -1.121732072083996001e-02
-1.413664590609775562e-02 -1.274541857762240488e-03 -1.123313867741365657e-02
-1.413767751038403318e-02 -1.158423351132772386e-03 -1.124726402765623308e-02
-1.413838273627584033e-02 -1.050393675836357741e-03 -1.125925193536010498e-02
-1.413888007885952605e-02 -9.445658912821939569e-04 -1.126990472484480990e-02
-1.413921926753682404e-02 -8.406841681374010999e-04 -1.127930000513867846e-02
-1.413925923484580550e-02 -8.252007183574167374e-04 -1.128060960905085015e-02
-1.413929666397070913e-02 -8.097550739020668679e-04 -1.128189245403159527e-02
-1.413948900530965190e-02 -7.080459933161610151e-04 -1.128974979461176351e-02
-1.413960400103355872e-02 -6.077465299839133550e-04 -1.129648814803324401e-02
-1.413966556964110430e-02 -5.086422552244396862e-04 -1.130215271320555125e-02
-1.413969314253411998e-02 -4.056273518256942674e-04 -1.130698622444860704e-02
-1.413969892670941496e-02 -3.034750545022138761e-04 -1.131071099661637262e-02
-1.413969496549632651e-02 -2.019634899188749091e-04 -1.131335322766918901e-02
-1.413968943388143815e-02 -1.008761327901320950e-04 -1.131493130247929364e-02
-1.413968707194470861e-02 -1.044126926168535349e-18 -1.131545612307880040e-02
-1.413968943388145549e-02 1.008761327901298182e-04 -1.131493130247930232e-02
-1.413969496549632825e-02 2.019634899188761288e-04 -1.131335322766918727e-02
-1.413969892670941669e-02 3.034750545022131172e-04 -1.131071099661636915e-02
-1.413969314253411651e-02 4.056273518256949180e-04 -1.130698622444861225e-02
-1.413968708950395087e-02 4.398586619942368827e-04 -1.130549977431466804e-02
-1.413964882394210497e-02 5.432115945720173127e-04 -1.130028944629914503e-02
-1.413956560173955899e-02 6.477344786117489360e-04 -1.129392246052094741e-02
-1.413952393511731451e-02 6.828768740759866241e-04 -1.129153533477827639e-02
-1.413934256530589330e-02 7.893375378539706526e-04 -1.128355206806306264e-02
-1.413904982130777775e-02 8.975505830213882175e-04 -1.127428785454170738e-02
-1.413860371926893567e-02 1.007788263403886289e-03 -1.126367117311041603e-02
-1.413795159296581117e-02 1.120339517535994022e-03 -1.125161772792529491e-02
-1.413702777989037443e-02 1.235512203041430916e-03 -1.123802885773225735e-02
-1.413575083534101412e-02 1.353635379220919158e-03 -1.122278966079238299e-02
-1.413402018068188673e-02 1.475061622585804042e-03 -1.120576679479859915e-02
-1.413171207772659366e-02 1.600169314954917208e-03 -1.118680590663978167e-02
-1.412867483176608735e-02 1.729364830359187170e-03 -1.116572864905348086e-02
-1.412472309219148063e-02 1.863084538476916362e-03 -1.114232923389323580e-02
-1.411963108946739931e-02 2.001796478686855042e-03 -1.111637046702397547e-02
-1.411312465963052848e-02 2.146001501725169035e-03 -1.108757921809742225e-02
-1.402038427840364421e-02 2.217384763048029905e-03 -1.020440210535544789e-02
-1.387388476927059293e-02 2.274751316151145831e-03 -9.408504900189580689e-03
-1.368744271642023842e-02 2.319030154225517476e-03 -8.690357617550313954e-03
-1.347181951938754112e-02 2.351240544388953288e-03 -8.041501135725511937e-03
-1.323542332384668348e-02 2.372447774409555329e-03 -7.454423475879518902e-03
-1.298482905520914263e-02 2.383727035407250030e-03 -6.922455138277530153e-03
-1.272517258325915612e-02 2.386135214893958696e-03 -6.439677481845892601e-03
-1.246045451992131362e-02 2.380689900149903469e-03 -6.000840976144498906e-03
-1.219377718743366000e-02 2.368354636165957185e-03 -5.601291619607993814e-03
-1.192753101308378395e-02 2.350029391155572783e-03 -5.236904546877483961e-03
-1.201852170012680104e-02 2.203310799587817389e-03 -5.307015293722987768e-03
-1.206840240603192053e-02 2.075229341167546086e-03 -5.333133702168083544e-03
-1.211441303064348177e-02 1.948430895103383468e-03 -5.357348614641968890e-03
-1.215878064598829855e-02 1.816632166605304305e-03 -5.380814607297865898e-03
-1.219930792155706108e-02 1.686192984871077690e-03 -5.402352166428214114e-03
-1.223619012389900833e-02 1.557063529411316892e-03 -5.422040561530339954e-03
-1.226960636759952608e-02 1.429182256141840572e-03 -5.439953235576153179e-03
-1.229971986171607759e-02 1.302477741784205476e-03 -5.456157733736535613e-03
-1.232667825570484162e-02 1.176870296590400242e-03 -5.470715688438413174e-03
-1.235061404895108211e-02 1.052273363890110372e-03 -5.483682846231636987e-03
-1.237164503414721513e-02 9.285947264655000947e-04 -5.495109124082193063e-03
-1.238987475013894266e-02 8.057375403821984616e-04 -5.505038684653732438e-03
-1.239534471601128063e-02 7.649503968862340821e-04 -5.508022749199758226e-03
-1.240997665616368900e-02 6.430314709427187043e-04 -5.516015599205449996e-03
-1.242199592179231600e-02 5.216947441275789554e-04 -5.522592886102065633e-03
-1.242543232136936876e-02 4.813601733829099300e-04 -5.524475327275004885e-03
-1.243405769734690948e-02 3.606335908275526414e-04 -5.529204095192532045e-03
-1.244018865161032432e-02 2.402379881417838082e-04 -5.532568673079449675e-03
-1.244385524713254206e-02 1.200636055671030735e-04 -5.534582183324416975e-03
-1.244507545292273219e-02 -5.480038470939306225e-19 -5.535252481557307105e-03
-1.244385524713253859e-02 -1.200636055671027211e-04 -5.534582183324415240e-03
-1.244018865161032258e-02 -2.402379881417825614e-04 -5.532568673079452277e-03
-1.243405769734691295e-02 -3.606335908275498767e-04 -5.529204095192539851e-03
-1.242543232136936529e-02 -4.813601733829050511e-04 -5.524475327275010089e-03
-1.241427019678548356e-02 -6.025264315082557061e-04 -5.518363936725545309e-03
-1.240123352249654712e-02 -7.184103788958555014e-04 -5.511237710791001138e-03
-1.238578897924674620e-02 -8.348811093190993370e-04 -5.502811146330443236e-03
-1.236786767161174652e-02 -9.520274442205133849e-04 -5.493054572853520515e-03
-1.236495078256199566e-02 -9.697247992333461047e-04 -5.491468730102063225e-03
-1.236197568930983565e-02 -9.874397098082110177e-04 -5.489851858278469582e-03
-1.234071054924481235e-02 -1.105593642792165616e-03 -5.478312869421127912e-03
-1.231676744159742112e-02 -1.224616681539445308e-03 -5.465357994985671659e-03
-1.229003957249413456e-02 -1.344586594166003336e-03 -5.450942105684139678e-03
-1.225884232776550987e-02 -1.471674884537543760e-03 -5.434175355388362258e-03
-1.222428967798680141e-02 -1.599964735145215262e-03 -5.415678571374061938e-03
-1.218621314658231355e-02 -1.729524466474653471e-03 -5.395382238414804174e-03
-1.214442825628556100e-02 -1.860411931607816680e-03 -5.373210960200366926e-03
-1.209873432500706975e-02 -1.992672590911679417e-03 -5.349083553010804820e-03
-1.204891441981563796e-02 -2.126337334835804328e-03 -5.322913218680697112e-03
-1.199473552185384775e-02 -2.261420045081864120e-03 -5.294607816874824513e-03
-1.193594896300601005e-02 -2.397914891339233880e-03 -5.264070259066514802e-03
-1.187229120312441495e-02 -2.535793370243171786e-03 -5.231199048784000022e-03
-1.184994191091003589e-02 -2.582051748523653788e-03 -5.219705298062705424e-03
-1.177935585713253686e-02 -2.721685527011916041e-03 -5.183558408414197863e-03
-1.170323349260632070e-02 -2.862529908407616432e-03 -5.144828281400853735e-03
-1.167657716087861126e-02 -2.909725945472931875e-03 -5.131325204789477859e-03
-1.159260293721918293e-02 -3.051978590382257300e-03 -5.088979857755448685e-03
-1.150238079287332731e-02 -3.195083433095214243e-03 -5.043795646315376441e-03
-1.140560245687437073e-02 -3.338818873612738481e-03 -4.995666150037380258e-03
-1.130196466129756820e-02 -3.482917728435536153e-03 -4.944489811967805321e-03
-1.119117516460372934e-02 -3.627064465103396491e-03 -4.890172405347822070e-03
-1.107295967897775277e-02 -3.770893112240051876e-03 -4.832629788863180252e-03
-1.094706965548710234e-02 -3.913986085475888894e-03 -4.771790919587371241e-03
-1.081329082239752305e-02 -4.055874184816756628e-03 -4.707601071648994523e-03
-1.067145230323347793e-02 -4.196038020371320107e-03 -4.640025184853076301e-03
-1.052879061838044202e-02 -4.327384805516977864e-03 -4.572519414390493857e-03
-1.037866393948162422e-02 -4.456130053188819655e-03 -4.501944096042253055e-03
-1.022108099695528613e-02 -4.581719755975845881e-03 -4.428335007912505977e-03
-1.048023986797625047e-02 -4.701209866201747078e-03 -4.737635628259734624e-03
-1.075033088389674291e-02 -4.821048783090690036e-03 -5.079451795126550991e-03
-1.103131866330839608e-02 -4.940317828257487394e-03 -5.458242744597692833e-03
-1.132287647037736114e-02 -5.057815063402488348e-03 -5.879192716757162401e-03
-1.162425650090570008e-02 -5.171973476089435952e-03 -6.348341439373989849e-03
-1.193410763186444380e-02 -5.280754948103324499e-03 -6.872738895599076435e-03
-1.225021762736887808e-02 -5.381513066373551715e-03 -7.460628415966394540e-03
-1.256914522911901921e-02 -5.470816445851805869e-03 -8.121662263602729900e-03
-1.288568925368171678e-02 -5.544223388412596390e-03 -8.867153445277727031e-03
-1.319211232159559280e-02 -5.595999694331769969e-03 -9.710365879493223357e-03
-1.334199160580236583e-02 -5.318760737209311459e-03 -9.863276723655275274e-03
-1.347090285927825086e-02 -5.048534423930414565e-03 -1.000164344543400148e-02
-1.358111846826439394e-02 -4.786787733979687605e-03 -1.012654825362472796e-02
-1.367915828594738932e-02 -4.522108517426448419e-03 -1.024445136116371689e-02
-1.376143235794160917e-02 -4.268528343846855234e-03 -1.035002359563807518e-02
-1.383015387073417354e-02 -4.026321595217267207e-03 -1.044449856392084576e-02
-1.388731165922147889e-02 -3.795462361897363954e-03 -1.052903454488037481e-02
-1.393466505564197079e-02 -3.575702164418441149e-03 -1.060469990340700934e-02
-1.397375104847035747e-02 -3.366634330990961928e-03 -1.067246666582747326e-02
-1.400589893943045283e-02 -3.167745675753161350e-03 -1.073320984927682992e-02
-1.403224901582506359e-02 -2.978456881105723091e-03 -1.078771063130042236e-02
-1.405377282050791592e-02 -2.798153265345814170e-03 -1.083666190226153549e-02
-1.406002107532485813e-02 -2.739940378200952497e-03 -1.085185365806560359e-02
-1.407636733105859482e-02 -2.570641707537050461e-03 -1.089434375485643161e-02
-1.408961002816733893e-02 -2.408873181230865128e-03 -1.093259733008367270e-02
-1.409343222895433588e-02 -2.356519237320976734e-03 -1.094448663974172467e-02
-1.410337497852925774e-02 -2.203861001098410960e-03 -1.097778224324783523e-02
-1.411135723756766144e-02 -2.057371627929081674e-03 -1.100780508323967455e-02
-1.411773811344460734e-02 -1.916515173349683278e-03 -1.103488302141258232e-02
-1.412281541111430790e-02 -1.780787188308195464e-03 -1.105930151127111107e-02
-1.412683537293112253e-02 -1.649714914125112886e-03 -1.108130881308315441e-02
-1.413000101718350429e-02 -1.522856573331308160e-03 -1.110112061764385698e-02
-1.413247924084273278e-02 -1.399800028338867800e-03 -1.111892411333971487e-02
-1.413440683052348719e-02 -1.280161023364965707e-03 -1.113488153687865016e-02
-1.413589553294527547e-02 -1.163581178280135350e-03 -1.114913325653621792e-02
-1.413698858207916922e-02 -1.055108331565403953e-03 -1.116122966803992714e-02
-1.413783028304115529e-02 -9.488349444220150553e-04 -1.117197977470605653e-02
-1.413847283107966604e-02 -8.445061910069474225e-04 -1.118146153372070843e-02
-1.413855505047349401e-02 -8.289553772419071265e-04 -1.118278323748996689e-02
-1.413863385954687232e-02 -8.134423556315811994e-04 -1.118407794554316347e-02
-1.413907944134327847e-02 -7.112854582871316368e-04 -1.119200816501662345e-02
-1.413941128645964003e-02 -6.105381285403150985e-04 -1.119880930181684116e-02
-1.413965487818005275e-02 -5.109862324969143563e-04 -1.120452683331774751e-02
-1.413983755101024323e-02 -4.075016840990428762e-04 -1.120940566650173442e-02
-1.413996270745648473e-02 -3.048802421995149415e-04 -1.121316543871115658e-02
-1.414004334032623565e-02 -2.028999913273975405e-04 -1.121583253466334335e-02
-1.414008829785621223e-02 -1.013442920004119929e-04 -1.121742547417293491e-02
-1.414010272131855858e-02 3.422860139854627670e-18 -1.121795524063698771e-02
-1.414008829785621049e-02 1.013442920004153268e-04 -1.121742547417294705e-02
-1.414004334032621830e-02 2.028999913273967545e-04 -1.121583253466335202e-02
-1.413996270745646912e-02 3.048802421995142910e-04 -1.121316543871115311e-02
-1.413983755101026404e-02 4.075016840990434183e-04 -1.120940566650175350e-02
-1.413978382272195085e-02 4.418894874732844460e-04 -1.120790526660919717e-02
-1.413957828813824057e-02 5.457122250621767494e-04 -1.120264612584805780e-02
-1.413929035872555154e-02 6.507053119728019872e-04 -1.119621967944767205e-02
-1.413917186382838108e-02 6.860044936337206375e-04 -1.119381031701534301e-02
-1.413873328059406763e-02 7.929354886884461924e-04 -1.118575292195272096e-02
-1.413814159854770089e-02 9.016184169159035741e-04 -1.117640317607115734e-02
-1.413735246096092281e-02 1.012324803158338006e-03 -1.116568917841356118e-02
-1.413631048715347296e-02 1.125342560728144134e-03 -1.115352623391217650e-02
-1.413494694697690034e-02 1.240978161516014758e-03 -1.113981527766888351e-02
-1.413317696288490279e-02 1.359558843364646209e-03 -1.112444101919809157e-02
-1.413089614973658814e-02 1.481434834066745147e-03 -1.110726976803426240e-02
-1.412797658887690426e-02 1.606981532548680449e-03 -1.108814689794249131e-02
-1.412426203834731345e-02 1.736601572036393457e-03 -1.106689390812693082e-02
-1.411981245359894208e-02 1.864209275547607002e-03 -1.104448857019925748e-02
-1.411427138749232930e-02 1.996300141857446694e-03 -1.101976161490163079e-02
-1.410740077725734266e-02 2.133298601252915563e-03 -1.099248014886788222e-02
-1.401202543331708447e-02 2.201445722485520853e-03 -1.013725503531837449e-02
-1.386637153827322347e-02 2.256404221166219935e-03 -9.364689401925701748e-03
-1.368312700073594582e-02 2.299030716190371415e-03 -8.665944668706503443e-03
-1.347223294079113835e-02 2.330262464948830350e-03 -8.033155733391895981e-03
-1.324150136995690639e-02 2.351078680424675306e-03 -7.459320878128802498e-03
-1.299707618219300871e-02 2.362468760734345256e-03 -6.938208149118213833e-03
-1.274378472757052225e-02 2.365407262015470878e-03 -6.464273163034048482e-03
-1.248541026145162831e-02 2.360835053895385480e-03 -6.032585633562836773e-03
-1.222490553402291909e-02 2.349645879088545480e-03 -5.638763135001626826e-03
-1.196456161455249946e-02 2.332677453828253637e-03 -5.278911239432686198e-03
-1.205202194583897268e-02 2.192189623245856169e-03 -5.347815106783723044e-03
-1.209892439465723619e-02 2.070371778191117985e-03 -5.372564486197975789e-03
-1.214234685092323296e-02 1.949738758896672839e-03 -5.395590169410924113e-03
-1.218651013379630846e-02 1.817718809907896893e-03 -5.419123655800820415e-03
-1.222684000257500368e-02 1.687087400903372657e-03 -5.440719099367249782e-03
-1.226353348001139355e-02 1.557792214595009415e-03 -5.460456974849687770e-03
-1.229677116251601428e-02 1.429769278865016804e-03 -5.478411793650082157e-03
-1.232671750068194301e-02 1.302944823794493666e-03 -5.494652043046718143e-03
-1.235352117671637343e-02 1.177236901649111834e-03 -5.509240181455606934e-03
-1.237731554264342657e-02 1.052556789266960230e-03 -5.522232674989686722e-03
-1.239821908940925109e-02 9.288101936806986147e-04 -5.533680062770543126e-03
-1.241633592249681041e-02 8.058982823121208254e-04 -5.543627040446015217e-03
-1.242177157679485479e-02 7.650955058105573170e-04 -5.546616170276241764e-03
-1.243631073220178955e-02 6.431365442083034111e-04 -5.554622202292899824e-03
-1.244825268525208764e-02 5.217686766340790981e-04 -5.561209915021961964e-03
-1.245166679841175003e-02 4.814253981898808138e-04 -5.563095269949310841e-03
-1.246023587775290341e-02 3.606768210881387653e-04 -5.567831219472494514e-03
-1.246632650459119328e-02 2.402641116407590717e-04 -5.571200786990162385e-03
-1.246996885852658284e-02 1.200758607355000777e-04 -5.573217235423561823e-03
-1.247118097637396790e-02 7.372098316868599607e-19 -5.573888503832048064e-03
-1.246996885852660365e-02 -1.200758607354988986e-04 -5.573217235423566160e-03
-1.246632650459120369e-02 -2.402641116407615654e-04 -5.571200786990162385e-03
-1.246023587775290688e-02 -3.606768210881461920e-04 -5.567831219472490177e-03
-1.245166679841175350e-02 -4.814253981898745796e-04 -5.563095269949314310e-03
-1.244057676875140461e-02 -6.026202237957827956e-04 -5.556974305952310476e-03
-1.242762321661613004e-02 -7.185390669624269495e-04 -5.549836501576247381e-03
-1.241227564774246075e-02 -8.350537673535526504e-04 -5.541395670062928928e-03
-1.239446483576797653e-02 -9.522547456789917869e-04 -5.531621799914822335e-03
-1.239156572552422772e-02 -9.699613523807266817e-04 -5.530033067031191532e-03
-1.238860870670425302e-02 -9.876857997926937437e-04 -5.528413225893136045e-03
-1.236747102377740853e-02 -1.105910759770525669e-03 -5.516852383664488241e-03
-1.234366780258378850e-02 -1.225019423958477851e-03 -5.503871593226249831e-03
-1.231709159514175755e-02 -1.345091384140510932e-03 -5.489425155039215874e-03
-1.228606543255480153e-02 -1.472306600445016022e-03 -5.472620619640059837e-03
-1.225169488101529418e-02 -1.600745871355343337e-03 -5.454079356365526196e-03
-1.221381014595026605e-02 -1.730479892179804255e-03 -5.433730866927522288e-03
-1.217222518071366631e-02 -1.861568968653391949e-03 -5.411498642153316462e-03
-1.212673744758997925e-02 -1.994061076978710396e-03 -5.387300245139137536e-03
-1.207712783495250818e-02 -2.127989665170512256e-03 -5.361047473841465058e-03
-1.202316078415482936e-02 -2.263371184780169597e-03 -5.332646623571573631e-03
-1.196458468804667032e-02 -2.400202348954215067e-03 -5.301998872351053847e-03
-1.190113263137227047e-02 -2.538457122247397574e-03 -5.269000814398909667e-03
-1.187885019879441478e-02 -2.584850223912645885e-03 -5.257460724289409089e-03
-1.180845743603162711e-02 -2.724917191851308589e-03 -5.221161500195783435e-03
-1.173251385394164653e-02 -2.866239838976413108e-03 -5.182257229989457176e-03
-1.170591303723289914e-02 -2.913605621086833540e-03 -5.168690831668716623e-03
-1.162209032914386826e-02 -3.056399215313477125e-03 -5.126138343831665965e-03
-1.153199263187492177e-02 -3.200093372030499931e-03 -5.080719101318620194e-03
-1.143530544413047349e-02 -3.344467006925804821e-03 -5.032323844707450693e-03
-1.133171881256444732e-02 -3.489252734592662285e-03 -4.980848083293775916e-03
-1.122093342740901507e-02 -3.634133969361119047e-03 -4.926194607407410019e-03
-1.110266765381088053e-02 -3.778742702119325652e-03 -4.868276301512756976e-03
-1.097666545584271430e-02 -3.922658200758025529e-03 -4.807019227750758406e-03
-1.084270511016161183e-02 -4.065406898742206232e-03 -4.742365927761167492e-03
-1.070060853535345635e-02 -4.206463739076212252e-03 -4.674278865919240418e-03
-1.056497766742252840e-02 -4.332107443770568875e-03 -4.609728332911905944e-03
-1.042254018306196239e-02 -4.455443432074970324e-03 -4.542365335714194756e-03
-1.027329576998858504e-02 -4.575991609010485010e-03 -4.472218040091908986e-03
-1.052850001055923197e-02 -4.691641986133969489e-03 -4.778593637489569196e-03
-1.079412394225648733e-02 -4.807403021343692462e-03 -5.116498939396463101e-03
-1.107009446135603058e-02 -4.922375682448901744e-03 -5.490157649683321747e-03
-1.135605826032951710e-02 -5.035394887239391659e-03 -5.904462425653896757e-03
-1.165126152482172557e-02 -5.144955391506662694e-03 -6.365091642814840224e-03
-1.195438235357138522e-02 -5.249116617986995630e-03 -6.878647033134371001e-03
-1.226329584075374832e-02 -5.345380723299976607e-03 -7.452815428041286230e-03
-1.257474202700089964e-02 -5.430537214054071381e-03 -8.096557842401675212e-03
-1.288385173937279388e-02 -5.500466987638389336e-03 -8.820328647463774110e-03
-1.318346125113410705e-02 -5.549899856938536255e-03 -9.636326130005494831e-03
-1.332466538160993232e-02 -5.289810614782474753e-03 -9.778947070716696027e-03
-1.344731203121362489e-02 -5.035885718418531623e-03 -9.908765604662047796e-03
-1.355329076508004008e-02 -4.789356106384414988e-03 -1.002667699207084387e-02
-1.365328636613686274e-02 -4.526402944086794534e-03 -1.014429990964899053e-02
-1.373752295260037906e-02 -4.274217562855848161e-03 -1.024974090008407002e-02
-1.380817394598867626e-02 -4.033108778922024629e-03 -1.034419956239189878e-02
-1.386719916573629467e-02 -3.803086223374092453e-03 -1.042880580136532585e-02
-1.391633783852305913e-02 -3.583936019228004411e-03 -1.050460475431400434e-02
-1.395711398076555400e-02 -3.375283888849636444e-03 -1.057254974375385244e-02
-1.399084946698326420e-02 -3.176646134590633327e-03 -1.063350094861014415e-02
-1.401868134809504049e-02 -2.987469724597147450e-03 -1.068822794005527821e-02
-1.404158100801667503e-02 -2.807163033066192252e-03 -1.073741465743693543e-02
-1.404826463899423554e-02 -2.748926998515128280e-03 -1.075268571942558128e-02
-1.406584891687412582e-02 -2.579501860838971389e-03 -1.079541330944372955e-02
-1.408023065113509290e-02 -2.417533596335961436e-03 -1.083390036177481197e-02
-1.408441133231567652e-02 -2.365099230558006995e-03 -1.084586599822808667e-02
-1.409536855009650876e-02 -2.212164543664886084e-03 -1.087938471790935759e-02
-1.410427793041343567e-02 -2.065354150465854334e-03 -1.090962036981093890e-02
-1.411150393575242787e-02 -1.924141177512408291e-03 -1.093689943248337543e-02
-1.411734966388703341e-02 -1.788028686343651284e-03 -1.096150650252646769e-02
-1.412206646925391086e-02 -1.656550096882809190e-03 -1.098368937768477369e-02
-1.412586222160931368e-02 -1.529268678439630940e-03 -1.100366357647879385e-02
-1.412890835679715684e-02 -1.405776384237563065e-03 -1.102161632334674839e-02
-1.413134585872795161e-02 -1.285692246218715943e-03 -1.103771003589957070e-02
-1.413329031633098719e-02 -1.168660498432098514e-03 -1.105208535908235555e-02
-1.413477019732345755e-02 -1.059752929536920702e-03 -1.106428798313471677e-02
-1.413595549123365831e-02 -9.530419219263060876e-04 -1.107513341608244196e-02
-1.413690081442398050e-02 -8.482737056863408256e-04 -1.108469993451084885e-02
-1.413702521125429108e-02 -8.326566342799872344e-04 -1.108603350126916021e-02
-1.413714532876538151e-02 -8.170773337790894746e-04 -1.108733984103613991e-02
-1.413784374791979791e-02 -7.144797228752599368e-04 -1.109534153696834120e-02
-1.413839214471548054e-02 -6.132913282029623867e-04 -1.110220427482045379e-02
-1.413881754362522787e-02 -5.132983562613301467e-04 -1.110797379359814742e-02
-1.413915515690038205e-02 -4.093508091161773268e-04 -1.111289712420991151e-02
-1.413939957832513993e-02 -3.062666841553709444e-04 -1.111669126803723796e-02
-1.413956473746983897e-02 -2.038240712209063617e-04 -1.111938278683193698e-02
-1.413966014686770384e-02 -1.018062630278263471e-04 -1.112099032849201904e-02
-1.413969134383757757e-02 4.836028733230020998e-19 -1.112152495374221783e-02
-1.413966014686771945e-02 1.018062630278270789e-04 -1.112099032849201904e-02
-1.413956473746987019e-02 2.038240712209071748e-04 -1.111938278683196474e-02
-1.413939957832514339e-02 3.062666841553661197e-04 -1.111669126803723276e-02
-1.413915515690038031e-02 4.093508091161739116e-04 -1.111289712420989589e-02
-1.413905379997495472e-02 4.438929131946362135e-04 -1.111138302704316877e-02
-1.413868117680710211e-02 5.481787371274136553e-04 -1.110607596609574504e-02
-1.413818879666268839e-02 6.536350575102336212e-04 -1.109959116552799822e-02
-1.413799357987034939e-02 6.890886376489150332e-04 -1.109715998565221143e-02
-1.413729817938082396e-02 7.964825796119988539e-04 -1.108902988150282931e-02
-1.413640809662817036e-02 9.056276318735328752e-04 -1.107959628268089837e-02
-1.413527664130767234e-02 1.016794532949441858e-03 -1.106878693496232344e-02
-1.413384576627984418e-02 1.130270111155806407e-03 -1.105651677535054479e-02
-1.413204373164869167e-02 1.246359390416824572e-03 -1.104268637172705313e-02
-1.412978229683136897e-02 1.365387722407036776e-03 -1.102718008701552427e-02
-1.412695335425736415e-02 1.487702919847046223e-03 -1.100986393112318718e-02
-1.412342490534414068e-02 1.613677331793722915e-03 -1.099058306012657381e-02
-1.411903628085677855e-02 1.743709784155989461e-03 -1.096915888264171288e-02
-1.411416439865824206e-02 1.865167288745408483e-03 -1.094776512971277170e-02
-1.410825696757307332e-02 1.990629985518773629e-03 -1.092427646284745146e-02
-1.410110896110181380e-02 2.120454819350222134e-03 -1.089849582387777092e-02
-1.400342784542586878e-02 2.185472707789486244e-03 -1.007071629734626259e-02
-1.385876839634877372e-02 2.238093110134066390e-03 -9.321146427886294744e-03
-1.367876601071446423e-02 2.279104793231310176e-03 -8.641600602594862179e-03
-1.347259109061169774e-02 2.309368418085448217e-03 -8.024776477119757723e-03
-1.324749134365903885e-02 2.329782804855228331e-03 -7.464157233804218083e-03
-1.300919947860330710e-02 2.341257054313052120e-03 -6.953928041785501987e-03
-1.276224605177104718e-02 2.344688400941330204e-03 -6.488902498259708183e-03
-1.251020322733619600e-02 2.340945350816450200e-03 -6.064456748453453047e-03
-1.225587684144264881e-02 2.330855473243716516e-03 -5.676470000056014521e-03
-1.200145895084663364e-02 2.315197137626037911e-03 -5.321270672338382357e-03
-1.211300519542997563e-02 2.171622458384011960e-03 -5.423253399847944960e-03
-1.215459177831145973e-02 2.061299118606268414e-03 -5.445514454242711411e-03
-1.219335537882740989e-02 1.951983851807199445e-03 -5.466358920305025917e-03
-1.223713332456322599e-02 1.819567226092763234e-03 -5.490013079443487563e-03
-1.227709154433239899e-02 1.688592629194047168e-03 -5.511711744277724388e-03
-1.231343023568787394e-02 1.559003084241605440e-03 -5.531537615815883963e-03
-1.234633266428973239e-02 1.430730099199559657e-03 -5.549567176173108261e-03
-1.237596550872313919e-02 1.303695545831671208e-03 -5.565870647952143868e-03
-1.240247929714142702e-02 1.177813291740080655e-03 -5.580512009025126278e-03
-1.242600889918900157e-02 1.052990606705449077e-03 -5.593549047558667685e-03
-1.244667404317645158e-02 9.291293657098956358e-04 -5.605033444451149212e-03
-1.246457983413244708e-02 8.061270713026196400e-04 -5.615010872445101546e-03
-1.246995136438970586e-02 7.652989479592315963e-04 -5.618008841797449311e-03
-1.248431717083737374e-02 6.432765183982812503e-04 -5.626037840265898926e-03
-1.249611474063447650e-02 5.218614709842152614e-04 -5.632643675244871848e-03
-1.249948724314075763e-02 4.815055276356995824e-04 -5.634534087605501049e-03
-1.250795123110952541e-02 3.607265112996908070e-04 -5.639282487736450855e-03
-1.251396659379505963e-02 2.402923056231483939e-04 -5.642660692766266958e-03
-1.251756371168534498e-02 1.200884824606333266e-04 -5.644682222229204481e-03
-1.251876073812474913e-02 -1.912706274018616953e-18 -5.645355167484504902e-03
-1.251756371168536407e-02 -1.200884824606329878e-04 -5.644682222229196675e-03
-1.251396659379506657e-02 -2.402923056231503725e-04 -5.642660692766258285e-03
-1.250795123110952888e-02 -3.607265112996884760e-04 -5.639282487736450855e-03
-1.249948724314076803e-02 -4.815055276356983356e-04 -5.634534087605495845e-03
-1.248853183672024754e-02 -6.027428223299967098e-04 -5.628396494795693920e-03
-1.247573355662375504e-02 -7.187161909267849019e-04 -5.621238535297989718e-03
-1.246056721557515200e-02 -8.353020380213886696e-04 -5.612772809655763688e-03
-1.244296300818826737e-02 -9.525937237082383619e-04 -5.602968682226182502e-03
-1.244009715170767659e-02 -9.703158660701569115e-04 -5.601374886119385443e-03
-1.243717394276419412e-02 -9.880563720604160736e-04 -5.599749840937508216e-03
-1.241627477240703561e-02 -1.106402085146617007e-03 -5.588150636974351798e-03
-1.239273351525027253e-02 -1.225658294776623162e-03 -5.575124228071720242e-03
-1.236644156210228371e-02 -1.345907961901792946e-03 -5.560623867697996568e-03
-1.233573636945031922e-02 -1.473346119818422489e-03 -5.543752449288722427e-03
-1.230170785061533538e-02 -1.602049717245553019e-03 -5.525132230319151211e-03
-1.226418384278766920e-02 -1.732093863464142722e-03 -5.504690900924398902e-03
-1.222297546893168219e-02 -1.863543433663151887e-03 -5.482349898291464727e-03
-1.217787683294718239e-02 -1.996451103311965968e-03 -5.458024469547058041e-03
-1.212866486698623361e-02 -2.130855111223544773e-03 -5.431623814224789161e-03
-1.207509938585345916e-02 -2.266776738115068059e-03 -5.403051327594925873e-03
-1.201692341232148999e-02 -2.404217494228263509e-03 -5.372204968864189613e-03
-1.195386384627360535e-02 -2.543156019019764905e-03 -5.338977780832154102e-03
-1.193170935323580560e-02 -2.589794294496080163e-03 -5.327353868305924507e-03
-1.186168775392750126e-02 -2.730650741389919773e-03 -5.290778702237601723e-03
-1.178608975285547200e-02 -2.872846785441955913e-03 -5.251558350508760825e-03
-1.175959686440073391e-02 -2.920522943039534965e-03 -5.237876871793484441e-03
-1.167607097234293727e-02 -3.064306862068558613e-03 -5.194947446165238542e-03
-1.158622123821320508e-02 -3.209081752532888781e-03 -5.149099728438650408e-03
-1.148972156791296800e-02 -3.354627674573497538e-03 -5.100219119946980753e-03
-1.138624953575794949e-02 -3.500677061308171863e-03 -5.048195599944957541e-03
-1.127549261036743695e-02 -3.646911564743528060e-03 -4.992926322314730422e-03
-1.115715537633277764e-02 -3.792959577026252128e-03 -4.934318536513847275e-03
-1.103096771501431948e-02 -3.938394688319248396e-03 -4.872292803528292804e-03
-1.089669384502992347e-02 -4.082735362760342261e-03 -4.806786454475527048e-03
-1.075414204796006079e-02 -4.225446119576387743e-03 -4.737757213075115270e-03
-1.063140102482447447e-02 -4.340454819035263756e-03 -4.678715554979440833e-03
-1.050299500343480560e-02 -4.453640951842065265e-03 -4.617312086387286366e-03
-1.036891282652677854e-02 -4.564643262207172814e-03 -4.553564026057681582e-03
-1.061663355556152245e-02 -4.673336434764504936e-03 -4.854254991647212816e-03
-1.087385556573080246e-02 -4.781747906346887553e-03 -5.184667831694096847e-03
-1.114044574218803207e-02 -4.889020597336188323e-03 -5.548611287156906928e-03
-1.141601205689619404e-02 -4.994062051902978076e-03 -5.950468245160370727e-03
-1.169979958311444072e-02 -5.095483162407929596e-03 -6.395290336210193889e-03
-1.199054789599214924e-02 -5.191520779171437255e-03 -6.888908201907578341e-03
-1.228629441860190283e-02 -5.279940298085076915e-03 -7.438059535689350854e-03
-1.258410126050647608e-02 -5.357913846356246977e-03 -8.050536876713886014e-03
-1.287967243340354222e-02 -5.421869713090897262e-03 -8.735356645228752048e-03
-1.316681187866945192e-02 -5.467309930546827151e-03 -9.502949755570687732e-03
-1.329254175319271453e-02 -5.237473556895647954e-03 -9.627651239633444255e-03
-1.340363539707012386e-02 -5.012437389370156572e-03 -9.742354741888220940e-03
-1.350141290454096206e-02 -4.793075538465582826e-03 -9.847679887073463104e-03
-1.360483559347214731e-02 -4.533281286463733926e-03 -9.964738972574518211e-03
-1.369252683606714260e-02 -4.283665646453114866e-03 -1.006988764604235982e-02
-1.376658756321213692e-02 -4.044596046014032123e-03 -1.016426520700655992e-02
-1.382892399768647848e-02 -3.816143429088547818e-03 -1.024895093458100433e-02
-1.388123759162972204e-02 -3.598154205275980351e-03 -1.032494826670898001e-02
-1.392502737932793146e-02 -3.390310982009860693e-03 -1.039317673943289388e-02
-1.396160029370767039e-02 -3.192182187246081059e-03 -1.045446955713787672e-02
-1.399208611075366919e-02 -3.003261522560482424e-03 -1.050957505009561359e-02
-1.401745463384428993e-02 -2.822998565095694804e-03 -1.055916065740683182e-02
-1.402492043564546563e-02 -2.764736339015293112e-03 -1.057456693313756600e-02
-1.404473126237565546e-02 -2.595127142444014941e-03 -1.061770149688817146e-02
-1.406116462024450259e-02 -2.432838762081523856e-03 -1.065659114864978864e-02
-1.406599160267029899e-02 -2.380271878356512733e-03 -1.066868885931266005e-02
-1.407877937113664706e-02 -2.226873733229595403e-03 -1.070259479051975486e-02
-1.408936372016722852e-02 -2.079516001612519583e-03 -1.073320118476842056e-02
-1.409811825384663618e-02 -1.937688415749407684e-03 -1.076083175215471720e-02
-1.410535519109048022e-02 -1.800907843226404528e-03 -1.078576930032724632e-02
-1.411133475894487364e-02 -1.668719110535849069e-03 -1.080826057827724909e-02
-1.411627329462668105e-02 -1.540694847860541979e-03 -1.082852060609621435e-02
-1.412035019224631982e-02 -1.416434635577698380e-03 -1.084673651015249929e-02
-1.412371382282687216e-02 -1.295563671196981034e-03 -1.086307089333385552e-02
-1.412648655849964990e-02 -1.177731125266068789e-03 -1.087766477818097495e-02
-1.412866984019013096e-02 -1.068051615740858240e-03 -1.089005542731199226e-02
-1.413048020732601655e-02 -9.605621963184637468e-04 -1.090106977854622683e-02
-1.413197657972046183e-02 -8.550111559443280109e-04 -1.091078661895318255e-02
-1.413217775664142410e-02 -8.392759707802408117e-04 -1.091214123437882905e-02
-1.413237307644130657e-02 -8.235784972635851750e-04 -1.091346821470480857e-02
-1.413353187702527831e-02 -7.201946029853081247e-04 -1.092159679467019986e-02
-1.413447470682231699e-02 -6.182185184106055902e-04 -1.092856895229108415e-02
-1.413523134207617278e-02 -5.174371866627753376e-04 -1.093443086154181378e-02
-1.413585130634358727e-02 -4.126615258884004113e-04 -1.093943330590639758e-02
-1.413631310667729478e-02 -3.087493941713800871e-04 -1.094328858177268625e-02
-1.413663234931001635e-02 -2.054790115441170102e-04 -1.094602354937815672e-02
-1.413681973604041103e-02 -1.026336648082227458e-04 -1.094765707303936401e-02
-1.413688151362823935e-02 -5.824939699149416644e-19 -1.094820034438106354e-02
-1.413681973604036593e-02 1.026336648082256189e-04 -1.094765707303936748e-02
-1.413663234931003543e-02 2.054790115441172270e-04 -1.094602354937815672e-02
-1.413631310667727223e-02 3.087493941713834482e-04 -1.094328858177266890e-02
-1.413585130634356646e-02 4.126615258883991103e-04 -1.093943330590639931e-02
-1.413566314859603275e-02 4.474796672573726490e-04 -1.093789485247896251e-02
-1.413498605848735774e-02 5.525935807930523096e-04 -1.093250260399790397e-02
-1.413412122280746988e-02 6.588776228449694889e-04 -1.092591411680113485e-02
-1.413378626504249898e-02 6.946069231860143526e-04 -1.092344418462759884e-02
-1.413262320201280099e-02 8.028270110837328792e-04 -1.091518498974644591e-02
-1.413118993236883204e-02 9.127957576878208959e-04 -1.090560262241005614e-02
-1.412943560832944853e-02 1.024782322021165065e-03 -1.089462425073905831e-02
-1.412729743995927434e-02 1.139071401951319848e-03 -1.088216421909766161e-02
-1.412469834351039871e-02 1.255965222744314692e-03 -1.086812251687152217e-02
-1.412154412020105373e-02 1.375785532185259214e-03 -1.085238298042288593e-02
-1.411772008456167564e-02 1.498875570405150404e-03 -1.083481119460673152e-02
-1.411308704959699997e-02 1.625601954611895997e-03 -1.081525205708705820e-02
-1.410747657305375796e-02 1.756356398975326451e-03 -1.079352696853055904e-02
-1.410202528259812960e-02 1.866493601590188791e-03 -1.077402221380131982e-02
-1.409565501246699826e-02 1.979841714225587940e-03 -1.075280741102211182e-02
-1.408821335611025634e-02 2.096655171567331742e-03 -1.072974056384975311e-02
-1.398713299518864785e-02 2.156226947414534214e-03 -9.950789427859849795e-03
-1.384465920660074047e-02 2.204754361664153662e-03 -9.242350497369340029e-03
-1.367068851951890388e-02 2.242913250057115230e-03 -8.597336115488360755e-03
-1.347310461406523233e-02 2.271437447196148884e-03 -8.009394382301126061e-03
-1.325820326142411812e-02 2.291092676947337810e-03 -7.472830993849179787e-03
-1.303101602536829544e-02 2.302654736901211825e-03 -6.982541835526021728e-03
-1.279556145160255266e-02 2.306891908695459306e-03 -6.533953310441895611e-03
-1.255504274091696036e-02 2.304551303320986986e-03 -6.122968704893324600e-03
-1.231200494051021277e-02 2.296348716828576671e-03 -5.745919613545078831e-03
-1.206846090321340124e-02 2.282961508702900134e-03 -5.399521829588939219e-03
-1.217374464886757102e-02 2.150717093587730354e-03 -5.499945309252665150e-03
-1.221017518920360610e-02 2.051960437138123684e-03 -5.519733914991105210e-03
-1.224436880886293870e-02 1.954040656235930384e-03 -5.538385019920179925e-03
-1.228774530538512093e-02 1.821236988768447059e-03 -5.562156421454367457e-03
-1.232731714847154665e-02 1.689929547999094407e-03 -5.583955009115711479e-03
-1.236328766544915816e-02 1.560056565213384112e-03 -5.603865743073636885e-03
-1.239584274055995257e-02 1.431544915080221756e-03 -5.621967101493946344e-03
-1.242515122676117120e-02 1.304312014996875666e-03 -5.638331061442635600e-03
-1.245136544377814340e-02 1.178267467525944377e-03 -5.653023134372550489e-03
-1.247462172552096273e-02 1.053314469007685843e-03 -5.666102440636233348e-03
-1.249504098674057706e-02 9.293510083283056285e-04 -5.677621809920789173e-03
-1.251272928462542067e-02 8.062708798588215332e-04 -5.687627896691477801e-03
-1.251803476163584894e-02 7.654216139258752678e-04 -5.690634163404065422e-03
-1.253222207423363051e-02 6.433483780794194097e-04 -5.698684667901688684e-03
-1.254387105256622899e-02 5.218988680893632201e-04 -5.705307414664177734e-03
-1.254720074439585886e-02 4.815345080174629911e-04 -5.707202536622700030e-03
-1.255555663531199295e-02 3.607378166851543167e-04 -5.711962510921223847e-03
-1.256149460310335836e-02 2.402948998116512149e-04 -5.715348727595637689e-03
-1.256504521299739441e-02 1.200883015258164877e-04 -5.717374962659840625e-03
-1.256622672512981362e-02 1.579054702139227710e-18 -5.718049459637346635e-03
-1.256504521299739961e-02 -1.200883015258183715e-04 -5.717374962659842359e-03
-1.256149460310337224e-02 -2.402948998116498326e-04 -5.715348727595635087e-03
-1.255555663531198081e-02 -3.607378166851525278e-04 -5.711962510921221245e-03
-1.254720074439585539e-02 -4.815345080174614732e-04 -5.707202536622700897e-03
-1.253638386426227970e-02 -6.028015402669980542e-04 -5.701049442001788169e-03
-1.252374543286245180e-02 -7.188173562762724400e-04 -5.693872633104528000e-03
-1.250876576527041283e-02 -8.354623351711511735e-04 -5.685383545090416831e-03
-1.249137451102781335e-02 -9.528328007691503438e-04 -5.675550916550310167e-03
-1.248854294442211348e-02 -9.705686928111305085e-04 -5.673952340847897118e-03
-1.248565460291628515e-02 -9.883234741894411212e-04 -5.672322380262947474e-03
-1.246500152584549721e-02 -1.106778174277593977e-03 -5.660686858374605612e-03
-1.244173080891731141e-02 -1.226170333925963437e-03 -5.647617090522917029e-03
-1.241573272668952156e-02 -1.346586334044761780e-03 -5.633065276129486064e-03
-1.238535977412379141e-02 -1.474235794775212395e-03 -5.616129780477660018e-03
-1.235168581128950893e-02 -1.603192477473879907e-03 -5.597433615094174128e-03
-1.231453636004337451e-02 -1.733536007038760998e-03 -5.576902637472270184e-03
-1.227371976207224449e-02 -1.865335947619522865e-03 -5.554456203462340008e-03
-1.222902680534681923e-02 -1.998649812827887808e-03 -5.530007208478479250e-03
-1.218023049815970989e-02 -2.133520791795255091e-03 -5.503462208249544976e-03
-1.212708604697574147e-02 -2.269975175478282543e-03 -5.474721641220829139e-03
-1.206933110383329698e-02 -2.408019474212931034e-03 -5.443680177683022162e-03
-1.200668635886177789e-02 -2.547637226910279360e-03 -5.410227223565564590e-03
-1.198466755645605057e-02 -2.594519549146578896e-03 -5.398520561888685287e-03
-1.191504125601613139e-02 -2.736163369565920624e-03 -5.361672469525531788e-03
-1.183981420711662826e-02 -2.879232828598388919e-03 -5.322138642472804687e-03
-1.181343795385492515e-02 -2.927219887586388070e-03 -5.308342835602726517e-03
-1.173023565214304301e-02 -3.071997415829369991e-03 -5.265038292907166066e-03
-1.164066145477021981e-02 -3.217859105076925890e-03 -5.218763121233603412e-03
-1.154437739079227851e-02 -3.364586436156843420e-03 -5.169397175082396552e-03
-1.144104821249003305e-02 -3.511911917407354883e-03 -5.116824671663555354e-03
-1.133034774880746845e-02 -3.659515661185244479e-03 -5.060936873362859717e-03
-1.121196631751921260e-02 -3.807022632889573831e-03 -5.001635119380789044e-03
-1.108561916675105015e-02 -3.954000847946621822e-03 -4.938834178692359973e-03
-1.095105585086718174e-02 -4.099960816012038038e-03 -4.872465872008012976e-03
-1.080807036644171847e-02 -4.244356540483806492e-03 -4.802482882168049826e-03
-1.069828360879987970e-02 -4.348435057317019507e-03 -4.749098768556127802e-03
-1.058388983957240723e-02 -4.451111486491188263e-03 -4.693776439000911342e-03
-1.046487291432178501e-02 -4.552123420060357091e-03 -4.636525436974816422e-03
-1.070477126827782191e-02 -4.653939387739890708e-03 -4.931072321620821874e-03
-1.095327815175133404e-02 -4.755135473982422499e-03 -5.253527100515333059e-03
-1.121021168466648961e-02 -4.854903267577950071e-03 -5.607303776430355886e-03
-1.147515323291016000e-02 -4.952228361275760535e-03 -5.996305115940209207e-03
-1.174735853757618784e-02 -5.045840351277670367e-03 -6.424998478585269845e-03
-1.202563772741080915e-02 -5.134150714997812344e-03 -6.898503243727862819e-03
-1.230819251533453278e-02 -5.215175964288503926e-03 -7.422691159737328757e-03
-1.259239391706818215e-02 -5.286443301492451709e-03 -8.004300772807998801e-03
-1.287447646997864556e-02 -5.344876245871128286e-03 -8.651066661402207966e-03
-1.314911387569854713e-02 -5.386658834332610710e-03 -9.371863333274334587e-03
-1.325981799241991027e-02 -5.185781106519046606e-03 -9.479701139184273581e-03
-1.335923374228635378e-02 -4.988557178926662783e-03 -9.579903348562920570e-03
-1.344825271747380861e-02 -4.795586978654409367e-03 -9.672884592460049419e-03
-1.355492222539268071e-02 -4.538957171353801522e-03 -9.789316686824763025e-03
-1.364590625121733097e-02 -4.291936832266122007e-03 -9.894108835844319522e-03
-1.372323358989307324e-02 -4.054946752631511178e-03 -9.988342339832497960e-03
-1.378875627793632770e-02 -3.828114731986855760e-03 -1.007304739730790523e-02
-1.384413681074562856e-02 -3.611343826878902086e-03 -1.014918670466004487e-02
-1.389084773268007590e-02 -3.404370654400282973e-03 -1.021764653064839712e-02
-1.393017939152260340e-02 -3.206813564124010290e-03 -1.027923330880792414e-02
-1.396325263717018705e-02 -3.018211352620466057e-03 -1.033467411430328588e-02
-1.399103411469980462e-02 -2.838053622175059840e-03 -1.038461972849592796e-02
-1.399926555026175835e-02 -2.779785282938186230e-03 -1.040014917306496083e-02
-1.402125890358919824e-02 -2.610050688193537791e-03 -1.044365717717997584e-02
-1.403970727898198358e-02 -2.447498172945575170e-03 -1.048291955704634681e-02
-1.404516981087015719e-02 -2.394816788000251988e-03 -1.049514014377752116e-02
-1.405975969452641708e-02 -2.241007227871539935e-03 -1.052940780425896949e-02
-1.407199559848315920e-02 -2.093151154603175440e-03 -1.056036238608146216e-02
-1.408225946326690202e-02 -1.950754935683965711e-03 -1.058832453518810703e-02
-1.409087193906029788e-02 -1.813349341173184229e-03 -1.061357499544784283e-02
-1.409810153719123771e-02 -1.680490745643832030e-03 -1.063635921558262441e-02
-1.410417256268444927e-02 -1.551761311185178563e-03 -1.065689148984612367e-02
-1.410927194563050928e-02 -1.426768433909643375e-03 -1.067535864305366004e-02
-1.411355508827546318e-02 -1.305143673941385699e-03 -1.069192328273182134e-02
-1.411715084662239217e-02 -1.186541338182956840e-03 -1.070672664972629855e-02
-1.412003356026486113e-02 -1.076117716807058070e-03 -1.071929779098740321e-02
-1.412246585757494406e-02 -9.678762286163063340e-04 -1.073047450618554687e-02
-1.412451080974822665e-02 -8.615673844732594762e-04 -1.074033600153698718e-02
-1.412478844519465468e-02 -8.457177470882148128e-04 -1.074171088438063103e-02
-1.412505865767706148e-02 -8.299057362416579478e-04 -1.074305774206752752e-02
-1.412667606006788590e-02 -7.257590937154088885e-04 -1.075130857719277383e-02
-1.412801195719358069e-02 -6.230178866967648558e-04 -1.075838624866458544e-02
-1.412909879586224382e-02 -5.214699399185641947e-04 -1.076433731150003639e-02
-1.413000031297940474e-02 -4.158882691977224357e-04 -1.076941614189450697e-02
-1.413067892965013880e-02 -3.111696391445078016e-04 -1.077333046967119713e-02
-1.413115188453270554e-02 -2.070925526072432243e-04 -1.077610742222969743e-02
-1.413143103779613066e-02 -1.034404398940291201e-04 -1.077776605825358884e-02
-1.413152332766240242e-02 5.930818817556204187e-19 -1.077831768723449581e-02
-1.413143103779613413e-02 1.034404398940308006e-04 -1.077776605825357843e-02
-1.413115188453273156e-02 2.070925526072434682e-04 -1.077610742222972866e-02
-1.413067892965011278e-02 3.111696391445085605e-04 -1.077333046967118499e-02
-1.413000031297940301e-02 4.158882691977282362e-04 -1.076941614189451217e-02
-1.412972559169038168e-02 4.509751537668412174e-04 -1.076785416766909247e-02
-1.412874492365359669e-02 5.568948200908997552e-04 -1.076237968388555830e-02
-1.412750883968473190e-02 6.639834407573416914e-04 -1.075569116715228458e-02
-1.412703462780506847e-02 6.999805395266201066e-04 -1.075318386762966379e-02
-1.412540566558876179e-02 8.090022984977378838e-04 -1.074480026741788524e-02
-1.412343151478448640e-02 9.197690649235877418e-04 -1.073507467001106122e-02
-1.412105730462237183e-02 1.032548238397678871e-03 -1.072393375070592944e-02
-1.411821566570836510e-02 1.147622199948496397e-03 -1.071129136072807193e-02
-1.411482436698853309e-02 1.265290183788426613e-03 -1.069704702646269261e-02
-1.411078348733873881e-02 1.385870136285513891e-03 -1.068108419085012778e-02
-1.410597204566307536e-02 1.509700525090072439e-03 -1.066326816619295875e-02
-1.410024400260741738e-02 1.637142037085654277e-03 -1.064344376509798913e-02
-1.409342354184991812e-02 1.768579082466746914e-03 -1.062143257599468087e-02
-1.408763502548881878e-02 1.867285325352733031e-03 -1.060386702841176892e-02
-1.408105683198425037e-02 1.968506252492040805e-03 -1.058493811971178422e-02
-1.407357970187679379e-02 2.072417077544682490e-03 -1.056454703311073169e-02
-1.397008883319593615e-02 2.126873309450212461e-03 -9.832822111411922833e-03
-1.383025845257816570e-02 2.171526720956479424e-03 -9.164441298229302965e-03
-1.366246186431988377e-02 2.206953275666513267e-03 -8.553300917534020775e-03
-1.347344023165976401e-02 2.233775386675030446e-03 -7.993905756114852088e-03
-1.326863265394772999e-02 2.252641887525720990e-03 -7.481307109573931066e-03
-1.305243089513444255e-02 2.264211118222659875e-03 -7.011048889811455180e-03
-1.282837926704082261e-02 2.269137092465063881e-03 -6.579119660526403131e-03
-1.259933349926984497e-02 2.268058560704120166e-03 -6.181909364794968727e-03
-1.236758824359351569e-02 2.261590688491771362e-03 -5.816170011246512249e-03
-1.213498015061945795e-02 2.250319020240916772e-03 -5.478979860343623741e-03
