-4.231909940902014999e-03 5.913810287063100155e-05 -9.183283278788723211e-04
-4.233189147077775355e-03 -2.808579215320136462e-05 -9.186655235700171354e-04
-4.228834543719887581e-03 -1.152164054332862302e-04 -9.177654837764719726e-04
-4.218872918393455282e-03 -2.019089101313970242e-04 -9.156336995478304768e-04
-4.203366303747278244e-03 -2.878227620651318880e-04 -9.122832083564581243e-04
-4.182411198408024847e-03 -3.726250594694753148e-04 -9.077344344810420662e-04
-4.156137355572365674e-03 -4.559937824956105941e-04 -9.020149393786771946e-04
-4.124706161007381591e-03 -5.376208617221802039e-04 -8.951590864777439916e-04
-4.088308629445643744e-03 -6.172150284200768984e-04 -8.872076263223851143e-04
-4.047163054993837064e-03 -6.945044037134365722e-04 -8.782072093653358214e-04
-4.001512357027524336e-03 -7.692387890076729951e-04 -8.682098349102834820e-04
-3.951621167999458742e-03 -8.411916259827286824e-04 -8.572722457233441931e-04
-3.897772713555897831e-03 -9.101616009360078124e-04 -8.454552786467410454e-04
-3.840265538265087274e-03 -9.759738751550637486e-04 -8.328231821422869352e-04
-3.779410132077126120e-03 -1.038480930152534034e-03 -8.194429120601910222e-04
-3.715525513337780174e-03 -1.097563023851411048e-03 -8.053834170666339517e-04
-3.648935823779960765e-03 -1.153128261019491620e-03 -7.907149250744931147e-04
-3.579966989444832454e-03 -1.205112288274860083e-03 -7.755082417121480750e-04
-3.508943498988096980e-03 -1.253477630687476439e-03 -7.598340713465090261e-04
-3.436185347369424912e-03 -1.298212693261611289e-03 -7.437623704634095407e-04
-3.362005188582042284e-03 -1.339330456287781985e-03 -7.273617423180831322e-04
-3.286705735943190945e-03 -1.376866898598069246e-03 -7.106988807214162113e-04
-3.210577442634549288e-03 -1.410879187052039305e-03 -6.938380696458717588e-04
-3.133896488764380261e-03 -1.441443674036747792e-03 -6.768407440428034477e-04
-3.056923094341754913e-03 -1.468653747308080754e-03 -6.597651158865414480e-04
-2.979900170342003694e-03 -1.492617578064982936e-03 -6.426658680284235000e-04
-2.903052312650230941e-03 -1.513455813678961370e-03 -6.255939169859892285e-04
-2.826585136260825921e-03 -1.531299260960077620e-03 -6.085962443416550755e-04
-2.750684939864657223e-03 -1.546286604210239581e-03 -5.917157950154085765e-04
-2.675518684064852066e-03 -1.558562199605112051e-03 -5.749914393434184820e-04
-2.601234260127302089e-03 -1.568273983702515514e-03 -5.584579946752989913e-04
-2.527961020594085909e-03 -1.575571529181715377e-03 -5.421463011326845124e-04
-4.257780384741774102e-03 5.975417929973864827e-05 -9.293308905690198093e-04
-4.259078700540644934e-03 -2.832038727073330747e-05 -9.296749252471583121e-04
-4.254666157387030322e-03 -1.163001487049179078e-04 -9.287575741046961812e-04
-4.244570086914753633e-03 -2.038343264634544282e-04 -9.265844704383009896e-04
-4.228853790296019897e-03 -2.905765238423402372e-04 -9.231689911886096318e-04
-4.207615739241821022e-03 -3.761881639287666221e-04 -9.185320923632628786e-04
-4.180988333650023474e-03 -4.603418040108994322e-04 -9.127020516487139960e-04
-4.149136238239961062e-03 -5.427242743350079064e-04 -9.057141227967666335e-04
-4.112254327995426041e-03 -6.230395926743577612e-04 -8.976101079220048492e-04
-4.070565279059947840e-03 -7.010116107086551696e-04 -8.884378552587069051e-04
-4.024316847743045038e-03 -7.763863535975660526e-04 -8.782506911706822270e-04
-3.973778885387221731e-03 -8.489340202351231207e-04 -8.671067962593110657e-04
-3.919240140915374905e-03 -9.184506183486657992e-04 -8.550685362543084889e-04
-3.861004905860501105e-03 -9.847592157019857684e-04 -8.422017589842148823e-04
-3.799389558534125872e-03 -1.047710796020164589e-03 -8.285750691010523687e-04
-3.734719064700319814e-03 -1.107184715715019575e-03 -8.142590923733757785e-04
-3.667323491699917871e-03 -1.163088764903220896e-03 -7.993257412664400837e-04
-3.597534591444539066e-03 -1.215358843427145766e-03 -7.838474932052578352e-04
-3.525682505122525439e-03 -1.263958269476748780e-03 -7.678966923770505579e-04
-3.452092638895546631e-03 -1.308876744841869222e-03 -7.515448851894470641e-04
-3.377082755392852003e-03 -1.350129006685431331e-03 -7.348621985779942977e-04
-3.300960320523291854e-03 -1.387753200912262988e-03 -7.179167692717250719e-04
-3.224020139121727777e-03 -1.421809016621927366e-03 -7.007742309015247166e-04
-3.146542306340305555e-03 -1.452375624688788001e-03 -6.834972644980583621e-04
-3.068790494608529540e-03 -1.479549466131135785e-03 -6.661452165005973293e-04
-2.991010588556273272e-03 -1.503441937543209843e-03 -6.487737869145636252e-04
-2.913429672672928575e-03 -1.524177021412506791e-03 -6.314347887448375088e-04
-2.836255368831485518e-03 -1.541888908588131754e-03 -6.141759783277989885e-04
-2.759675513324813707e-03 -1.556719658482709143e-03 -5.970409547228759141e-04
-2.683858155940806612e-03 -1.568816939790063699e-03 -5.800691249416506726e-04
-2.608951857053462466e-03 -1.578331890625368902e-03 -5.632957305273515085e-04
-2.535086252938625970e-03 -1.585417132130504444e-03 -5.467519298868492132e-04
-4.283916629200123886e-03 6.037880297337710415e-05 -9.405196693604566142e-04
-4.285234398218711223e-03 -2.855790699317390608e-05 -9.408707091588305177e-04
-4.280762936803955178e-03 -1.173982585280979941e-04 -9.399356427982191991e-04
-4.270530133209249866e-03 -2.057853994995726061e-04 -9.377202499755828364e-04
-4.254600586569051886e-03 -2.933669613115570327e-04 -9.342382570629644434e-04
-4.233074787461679929e-03 -3.797985770519482019e-04 -9.295111674033515415e-04
-4.206087843767572151e-03 -4.647472727169880448e-04 -9.235679959013781042e-04
-4.173807774808600823e-03 -5.478946779839975528e-04 -9.164449126541213131e-04
-4.136433404451739584e-03 -6.289400066839719852e-04 -9.081848019711244143e-04
-4.094191890875861425e-03 -7.076027617970358187e-04 -8.988367445932741616e-04
-4.047335936882590600e-03 -7.836251253398977823e-04 -8.884554322068368521e-04
-3.996140729861751353e-03 -8.567739997991188385e-04 -8.771005244354319452e-04
-3.940900664698075880e-03 -9.268426746372035105e-04 -8.648359593585011650e-04
-3.881925905962157770e-03 -9.936520987009482726e-04 -8.517292292357826625e-04
-3.819538847623080591e-03 -1.057051746930372628e-03 -8.378506335045941703e-04
-3.754070529237761231e-03 -1.116920077439962191e-03 -8.232725212581000528e-04
-3.685857067125078348e-03 -1.173164582664716149e-03 -8.080685353107110169e-04
-3.615236157452933908e-03 -1.225721445682058678e-03 -7.923128696196207656e-04
-3.542543705505637845e-03 -1.274554819898207061e-03 -7.760795512707355974e-04
-3.468110631726099759e-03 -1.319655756895610947e-03 -7.594417574694248795e-04
-3.392259900522887495e-03 -1.361040813259536530e-03 -7.424711770197540799e-04
-3.315303812388898253e-03 -1.398750372529617000e-03 -7.252374246521514373e-04
-3.237541593700367544e-03 -1.432846722959780572e-03 -7.078075152918271874e-04
-3.159257311763789215e-03 -1.463411935426437880e-03 -6.902454039747940757e-04
-3.080718135381868561e-03 -1.490545588521354934e-03 -6.726115956422032459e-04
-3.002172953554612441e-03 -1.514362389527801073e-03 -6.549628275069890740e-04
-2.923851357074957157e-03 -1.534989740546730767e-03 -6.373518251213290946e-04
-2.845962979890980481e-03 -1.552565298467995869e-03 -6.198271317140477497e-04
-2.768697189381342291e-03 -1.567234575745876353e-03 -6.024330088504636395e-04
-2.692223107331298895e-03 -1.579148626044306726e-03 -5.852094050322455363e-04
-2.616689936624161210e-03 -1.588461854806390815e-03 -5.681919875413743133e-04
-2.542227562694723050e-03 -1.595329989762157580e-03 -5.514122316795153468e-04
-4.297085538372695350e-03 6.069436566638151134e-05 -9.461851411898821547e-04
-4.298413165071504269e-03 -2.867777808444750594e-05 -9.465397473041380983e-04
-4.293911871524787316e-03 -1.179527753343661796e-04 -9.455956684640364320e-04
-4.283609829100889360e-03 -2.067706905648422351e-04 -9.433587591657692463e-04
-4.267572297187589500e-03 -2.947761236099503577e-04 -9.398429243336984271e-04
-4.245900793327256686e-03 -3.816217686669148520e-04 -9.350699469882698799e-04
-4.218731802855637744e-03 -4.669718446577857704e-04 -9.290692187253910212e-04
-4.186235051359725456e-03 -5.505053426884626375e-04 -9.218773778344984803e-04
-4.148611371079435374e-03 -6.319190400862612338e-04 -9.135378615136438086e-04
-4.106090199490109068e-03 -7.109302352388581492e-04 -9.041003801254880734e-04
-4.058926754572297034e-03 -7.872791630861931999e-04 -8.936203227460012832e-04
-4.007398936574083602e-03 -8.607310574943528077e-04 -8.821581043618896469e-04
-3.951804010302557152e-03 -9.310778337141419839e-04 -8.697784659522977751e-04
-3.892455125074475476e-03 -9.981393715347093489e-04 -8.565497393305615765e-04
-3.829677731370685883e-03 -1.061764387419647992e-03 -8.425430890141887745e-04
-3.763805953960512856e-03 -1.121830891694341071e-03 -8.278317435333319187e-04
-3.695178980802204128e-03 -1.178246234580063037e-03 -8.124902284826644510e-04
-3.624137525417316357e-03 -1.230946752391280045e-03 -7.965936132769707188e-04
-3.551020417734125287e-03 -1.279897032386600889e-03 -7.802167829991676993e-04
-3.476161374665950356e-03 -1.325088821461971886e-03 -7.634337459472055826e-04
-3.399885997018064088e-03 -1.366539609978064534e-03 -7.463169865122594839e-04
-3.322509033794626785e-03 -1.404290927414804119e-03 -7.289368718768748576e-04
-3.244331948709019368e-03 -1.438406391146705666e-03 -7.113611197317630053e-04
-3.165640816801365207e-03 -1.468969553341680726e-03 -6.936543328001205065e-04
-3.086704571663140013e-03 -1.496081593722135058e-03 -6.758776044561655340e-04
-3.007773615998440234e-03 -1.519858907615823660e-03 -6.580881981606025426e-04
-2.929078800274796408e-03 -1.540430639302305289e-03 -6.403393018420998947e-04
-2.850830766204226745e-03 -1.557936210082079337e-03 -6.226798567660465694e-04
-2.773219643944522216e-03 -1.572522888733348442e-03 -6.051544588872061203e-04
-2.696415084429268447e-03 -1.584343449079767940e-03 -5.878033292209803619e-04
-2.620566601346960029e-03 -1.593553955312972982e-03 -5.706623484297207232e-04
-2.545804191218935687e-03 -1.600311710582252205e-03 -5.537631496457778423e-04
-4.310322238459588125e-03 6.101212030034767081e-05 -9.518986816437513846e-04
-4.311659811423971221e-03 -2.879839783875920775e-05 -9.522568973725656447e-04
-4.307128433782953479e-03 -1.185109736802816811e-04 -9.513037009404189028e-04
-4.296756563276986352e-03 -2.077625567798000610e-04 -9.490450227315886701e-04
-4.280610127188401101e-03 -2.961946845183240800e-04 -9.454949488354670757e-04
-4.258791681907492764e-03 -3.834570824952781036e-04 -9.406755460426060710e-04
-4.231439106130828985e-03 -4.692111345228409231e-04 -9.346165881440423500e-04
-4.198723851343602945e-03 -5.531331672316554217e-04 -9.273551884444714401e-04
-4.160848781157170176e-03 -6.349174980893383625e-04 -9.189353450590708990e-04
-4.118045638286473888e-03 -7.142792004461141981e-04 -9.094074070742511409e-04
-4.070572184307626185e-03 -7.909565449345358577e-04 -8.988274709826214390e-04
-4.018709062706375332e-03 -8.647130830219873152e-04 -8.872567179245457710e-04
-3.962756440014616327e-03 -9.353393455901151026e-04 -8.747607031620755836e-04
-3.903030482963214167e-03 -1.002654136930146867e-03 -8.614086098608073928e-04
-3.839859731514782496e-03 -1.066505412329418799e-03 -8.472724796527851977e-04
-3.773581428364680777e-03 -1.126770735315441594e-03 -8.324264325962367614e-04
-3.704537865025634390e-03 -1.183357318458135412e-03 -8.169458890392644265e-04
-3.633072802974429347e-03 -1.236201659255103339e-03 -8.009068055423819226e-04
-3.559528025593032639e-03 -1.285268789896982676e-03 -7.843849364321117072e-04
-3.484240072851183846e-03 -1.330551166499101311e-03 -7.674551317608574365e-04
-3.407537205935731554e-03 -1.372067229572002068e-03 -7.501906814567835518e-04
-3.329736643430376928e-03 -1.409859672978842210e-03 -7.326627142831115260e-04
-3.251142104290059929e-03 -1.443993463292240044e-03 -7.149396589137845849e-04
-3.172041685855207273e-03 -1.474553655225660162e-03 -6.970867729976158679e-04
-3.092706097637459937e-03 -1.501643051591032216e-03 -6.791657445546258731e-04
-3.013387263722756924e-03 -1.525379757949914088e-03 -6.612343684563170166e-04
-2.934317298537335132e-03 -1.545894682714860687e-03 -6.433462991195130565e-04
-2.855707852584758299e-03 -1.563329032871933278e-03 -6.255508789265088300e-04
-2.777749816782794975e-03 -1.577831853706721877e-03 -6.078930403110654416e-04
-2.700613366423439913e-03 -1.589557657926682441e-03 -5.904132779603705680e-04
-2.624448318773163827e-03 -1.598664185422960047e-03 -5.731476862194031120e-04
-2.549384772155053897e-03 -1.605310329691354712e-03 -5.561280555870352178e-04
-4.363956078160779496e-03 6.230543620627629375e-05 -9.752440009995566681e-04
-4.365334340530173732e-03 -2.928848333429392544e-05 -9.756171004769416746e-04
-4.360680056367334002e-03 -1.207811983806775886e-04 -9.746263537003814047e-04
-4.350022862297760369e-03 -2.117968760282220664e-04 -9.722780058487883901e-04
-4.333431435544542708e-03 -3.019644878276659555e-04 -9.685868946525582127e-04
-4.311012609758905177e-03 -3.909215810509752043e-04 -9.635762642469597678e-04
-4.282910000187776893e-03 -4.783179123053776945e-04 -9.572774740386952091e-04
-4.249302163223806807e-03 -5.638188854543720431e-04 -9.497296078454475462e-04
-4.210400323765618041e-03 -6.471087398309664264e-04 -9.409789903442941769e-04
-4.166445711444768073e-03 -7.278934398376106334e-04 -9.310786194809231612e-04
-4.117706553490878621e-03 -8.059032230891776229e-04 -9.200875249125290128e-04
-4.064474777672501260e-03 -8.808947711185200705e-04 -9.080700637547151283e-04
-4.007062483264741196e-03 -9.526529741627495036e-04 -8.950951658537454995e-04
-3.945798241281702444e-03 -1.020992269507206562e-03 -8.812355414947820259e-04
-3.881023287230612063e-03 -1.085757541104123876e-03 -8.665668648753642889e-04
-3.813087670381970148e-03 -1.146824576527915099e-03 -8.511669468186591628e-04
-3.742346423021953097e-03 -1.204100085607663802e-03 -8.351149100775208042e-04
-3.669155811397108256e-03 -1.257521293129880121e-03 -8.184903801965283995e-04
-3.593869727135901807e-03 -1.307055125681257828e-03 -8.013727042695227565e-04
-3.516836273912707801e-03 -1.352697019866605033e-03 -7.838402090721103763e-04
-3.438394599093841809e-03 -1.394469385667133389e-03 -7.659695089834015662e-04
-3.358872014171968012e-03 -1.432419764486705374e-03 -7.478348728620152607e-04
-3.278581441063177331e-03 -1.466618726364441079e-03 -7.295076576340773014e-04
-3.197819213927446686e-03 -1.497157554816777852e-03 -7.110558148128733567e-04
-3.116863258210234976e-03 -1.524145770719499693e-03 -6.925434745307970348e-04
-3.035971660234807520e-03 -1.547708548470519072e-03 -6.740306099563265997e-04
-2.955381632065877482e-03 -1.567984078312792146e-03 -6.555727832266855385e-04
-2.875308867700903347e-03 -1.585120928086921743e-03 -6.372209722884999029e-04
-2.795947278133036149e-03 -1.599275455787548374e-03 -6.190214763451538406e-04
-2.717469084700489378e-03 -1.610609321112231682e-03 -6.010158960044682027e-04
-2.640025242635870434e-03 -1.619287139751495819e-03 -5.832411827489535246e-04
-2.563746160109931817e-03 -1.625474318561657971e-03 -5.657297510593671010e-04
-4.337000830567797408e-03 6.165428060803148356e-05 -9.634720491320243434e-04
-4.338358565496208512e-03 -2.904190719459373387e-05 -9.638376164272461017e-04
-4.333766253731099680e-03 -1.196385375790110054e-04 -9.628658637474196485e-04
-4.323252935692397346e-03 -2.097662341677580843e-04 -9.605628765896929598e-04
-4.306885897762843980e-03 -2.990603153579302260e-04 -9.569431113809145038e-04
-4.284769810282122553e-03 -3.871644790675128817e-04 -9.520292149950282520e-04
-4.257045387190168048e-03 -4.737343535080761796e-04 -9.458517424810373130e-04
-4.223887591657818179e-03 -5.584408574897896773e-04 -9.384487780836327188e-04
-4.185503420190470232e-03 -6.409733176718266463e-04 -9.298654663549730734e-04
-4.142129305108475414e-03 -7.210422951299424836e-04 -9.201534617186947962e-04
-4.094028181840697438e-03 -7.983820794975218880e-04 -9.093703062216726418e-04
-4.041486272984265785e-03 -8.727528156009375579e-04 -8.975787463683412674e-04
-3.984809645481778885e-03 -9.439422347937676764e-04 -8.848460008540833021e-04
-3.924320600475521108e-03 -1.011766970928201868e-03 -8.712429916834819052e-04
-3.860353957375107538e-03 -1.076073448911780668e-03 -8.568435515671107058e-04
-3.793253294406035911e-03 -1.136738341912540582e-03 -8.417236206347079646e-04
-3.723367207407110146e-03 -1.193668601329056370e-03 -8.259604453865576450e-04
-3.651045646948433091e-03 -1.246801071477514518e-03 -8.096317924372604512e-04
-3.576636391008044744e-03 -1.296101708419784230e-03 -7.928151890003431448e-04
-3.500481706543818409e-03 -1.341564429331234794e-03 -7.755872012352137135e-04
-3.422915248416097921e-03 -1.383209625163148940e-03 -7.580227605501505418e-04
-3.344259238350199854e-03 -1.421082374981340627e-03 -7.401945467491453153e-04
-3.264821960085243294e-03 -1.455250405158299435e-03 -7.221724355511216281e-04
-3.184895599651600597e-03 -1.485801840467931931e-03 -7.040230165246285808e-04
-3.104754451984025228e-03 -1.512842796992425317e-03 -6.858091858982259641e-04
-3.024653506953907216e-03 -1.536494868521978956e-03 -6.675898170578870678e-04
-2.944827419553481488e-03 -1.556892558741197448e-03 -6.494195098617423821e-04
-2.865489860567559631e-03 -1.574180710897379052e-03 -6.313484182260236917e-04
-2.786833235828122500e-03 -1.588511984803991743e-03 -6.134221538038228368e-04
-2.709028754283940906e-03 -1.600044427946071494e-03 -5.956817620322362805e-04
-2.632226817869206918e-03 -1.608939183161276062e-03 -5.781637654072248247e-04
-2.556557699762544017e-03 -1.615358369958377199e-03 -5.609002676020842905e-04
